1024
36.423802 218.544823
66.267251 192.116743
124.878695 45.289733
147.630929 41.273574
147.965208 64.062543
159.331431 104.195879
176.113893 182.739517
42.444026 195.939564
125.003344 164.010496
19.529110 32.192007
40.848714 180.426939
148.454269 88.631633
105.481695 38.549360
119.276680 103.947345
34.427964 38.491723
144.304900 165.566584
142.061019 24.425299
12.796004 78.059435
155.936690 34.946385
75.112220 13.844687
150.122398 133.931395
187.960966 74.935067
146.943308 95.226190
173.260007 226.163143
99.156168 147.145652
61.577610 168.611188
78.594499 172.183345
108.379317 163.968877
59.932751 112.185582
2.464318 22.248550
145.105167 228.174984
149.559896 66.466000
75.244394 40.660066
98.984531 41.259498
158.706381 222.686999
160.309046 142.670630
92.225344 39.194988
0.125804 142.994248
43.458122 0.825221
95.590835 243.951230
70.655956 143.312943
128.503296 193.612546
36.846062 89.701116
85.326995 113.502194
105.096431 194.635668
193.332008 163.813075
165.081362 153.068618
99.414727 79.146806
176.289449 120.955162
114.725153 232.050585
59.339012 138.477168
108.611545 42.806165
154.566938 8.159472
108.995545 110.159116
155.416802 112.731543
143.233975 166.770253
126.116094 41.485043
191.299247 208.063082
132.974466 127.318412
72.446761 15.888930
36.195058 162.933002
131.977316 178.438641
14.584916 160.844204
46.828960 67.907471
56.696888 130.755398
84.785848 244.683416
115.344105 235.455496
40.423239 241.731036
18.812743 232.216969
96.483186 241.136368
23.145029 248.131067
71.079494 41.327379
71.406607 163.562439
195.135980 63.014040
61.578219 181.403389
77.406275 209.082472
39.291820 222.018427
170.964794 6.610785
85.968095 82.223890
149.535899 62.320641
138.408012 29.324220
81.736120 173.702546
134.957336 34.927772
24.854671 165.568158
163.218825 23.495881
116.224027 221.517737
38.886311 202.776784
55.527694 67.439164
160.025937 194.900003
147.477252 62.710378
178.659988 173.030690
101.444186 215.541471
84.401082 161.241406
187.447861 45.242323
110.177848 198.871589
147.835616 91.493686
187.504552 236.257240
20.349992 27.901899
157.766478 226.491261
110.893042 224.191607
190.667466 185.118013
22.751319 226.768148
33.810808 72.821650
130.777099 213.373680
137.148676 72.249677
40.253261 170.699617
158.773111 124.595175
56.887750 140.515468
114.780106 136.555489
70.485806 68.679438
36.250069 68.641211
122.272051 32.959198
156.189666 99.642003
146.513991 75.816940
4.251184 62.060682
43.109238 171.213228
64.575078 141.667890
9.785979 91.185608
45.212354 105.039580
120.171603 155.159867
17.505837 25.750290
28.099659 88.713083
0.623980 109.033505
20.890366 130.484873
47.405602 182.430538
88.042870 170.639635
152.270455 11.913325
181.798745 114.384678
170.625125 120.585992
151.011673 66.486375
149.206450 141.002506
63.287968 101.094473
75.851994 55.583767
157.099634 216.938100
62.911655 195.222998
90.348337 105.624546
185.398786 246.736488
120.125568 188.035852
54.845580 237.073344
193.357971 209.267967
133.381957 188.196340
12.710198 25.374628
177.098683 121.959922
24.332976 205.407164
22.567931 124.016785
80.086018 7.120793
143.332663 240.083083
61.095063 30.907688
172.407916 74.803080
172.292165 143.017103
150.757381 224.120629
36.324694 136.413632
163.126050 74.397315
116.541111 133.064981
138.502674 18.053564
140.998803 208.605568
27.025394 19.749438
143.047377 246.577110
177.187402 235.821501
161.575358 246.295895
196.082145 190.757349
47.016269 3.039197
63.828075 198.077681
73.261185 125.915014
2.913949 218.427759
92.276389 111.595409
67.231828 206.662700
103.999465 148.764386
26.428771 235.443404
77.827288 54.026299
16.002012 182.278516
44.019053 35.286817
52.425327 140.582535
16.529676 17.839468
62.345925 59.942114
157.684357 1.232725
174.725515 14.657620
80.492317 42.960209
25.781127 129.241748
132.851043 34.350317
60.622088 94.283180
93.918827 117.163311
131.016568 244.312541
128.697798 29.857766
55.575581 73.485670
58.930100 47.745555
167.633811 26.818953
196.920736 58.505443
40.786887 131.502043
123.863791 223.418898
1.135664 108.882347
188.479317 214.844614
114.737547 242.431933
42.800673 188.645266
48.792794 75.603058
128.478409 170.779774
36.526769 131.757199
154.596584 130.974111
25.509661 176.094075
90.495471 196.717566
185.705017 180.283986
26.359025 20.165115
132.072107 169.887647
41.352703 18.596688
43.633693 189.344138
45.543394 59.768485
23.145714 12.510064
5.320507 27.205582
195.370508 240.169375
21.348045 245.735180
56.939072 218.725012
89.024729 48.274341
77.475485 163.100572
185.052847 228.999770
39.312259 151.429786
64.329992 242.724990
183.128717 55.430793
100.268747 21.039635
90.517287 155.047359
104.771967 128.063702
93.309612 68.314256
126.159741 208.463554
117.565040 144.539394
18.869941 183.881619
198.691503 10.108854
119.609503 96.146951
153.438221 45.223259
53.854863 173.362796
166.807342 163.742872
21.158619 16.128155
52.715428 235.258026
185.319642 84.024339
157.652756 87.335517
78.423870 87.485129
90.049649 80.553200
86.103018 166.776352
8.116095 9.011907
170.502014 34.178350
148.427729 31.041955
177.708687 187.369575
96.357571 102.117915
36.644008 94.809521
170.902273 193.132755
185.763975 168.914534
157.253619 201.975659
83.925067 160.757638
82.892889 225.976104
184.301108 185.893362
47.791358 36.684821
49.429609 204.305855
14.806500 66.048860
66.548867 108.503630
96.402424 44.432340
19.473534 114.615109
68.909404 200.435273
172.509470 208.318298
164.511810 187.479402
173.047880 19.642610
106.683218 31.061398
39.131334 100.406811
29.813787 100.401181
154.121840 157.195871
192.808762 171.088516
187.748854 118.745199
0.447598 153.466799
53.188189 167.374546
51.195954 62.998523
52.947563 112.111329
4.090393 184.049052
49.937229 118.751399
83.812518 46.231478
9.959146 229.218574
181.255421 199.824685
162.790556 26.100252
133.546084 136.285280
37.366235 17.891391
160.486237 115.240123
72.603314 54.867783
130.264735 199.249540
29.619267 13.782252
110.648813 93.257182
98.770617 47.209568
160.970557 40.181489
64.226685 72.371052
72.214040 126.716922
185.041477 240.131154
107.446725 71.391071
95.788844 153.871933
100.467981 206.699311
196.249917 215.437096
81.015679 38.140291
19.098458 234.735006
153.001285 115.751062
142.479115 58.112133
152.491960 165.462703
145.324898 94.455192
6.728339 103.992221
37.805033 236.481738
38.861655 184.792448
45.336205 206.992347
136.300907 11.675497
184.063226 188.308530
121.177131 30.058597
155.867069 72.293843
34.099377 135.291632
77.168497 213.657719
156.221215 12.461129
147.351382 168.356299
51.449314 135.780738
53.485014 153.282741
178.418227 93.926396
96.748920 73.879263
151.019251 225.684509
63.632904 97.762605
76.884758 2.662484
198.691111 1.883340
122.637232 204.953324
120.407300 106.856739
152.970999 229.471154
177.353399 223.220338
131.371712 205.444713
127.429794 140.679262
117.089110 145.845907
185.730200 209.332852
5.788904 117.636186
89.096343 52.794045
47.606465 152.324709
97.111328 187.609983
128.785819 129.078164
133.364228 65.717905
16.656878 190.176730
40.245803 14.021574
128.480883 222.748822
191.564943 39.997905
195.827387 88.622337
180.499273 64.106893
155.644418 144.676423
61.306834 229.954038
70.010724 87.804638
186.037651 168.509752
114.719738 118.294307
137.938484 165.119063
124.877540 21.010379
97.148315 214.662794
70.067800 36.900281
146.422802 160.035228
169.659569 85.464510
121.614880 226.619671
37.451146 51.765519
18.465203 180.834690
30.908895 107.250186
43.095731 137.429078
16.416621 142.685098
86.759144 201.157043
77.135349 17.255642
12.464687 117.484231
45.980385 240.420508
197.978712 35.263048
132.841799 90.146790
77.682100 3.818232
138.419989 30.934166
128.416931 129.205794
49.430301 218.843336
79.959680 102.934837
20.644905 223.647123
69.753308 179.806959
12.442801 157.688950
22.552772 55.544211
25.238363 226.448702
138.668053 242.466497
107.535176 179.623534
146.187928 225.632675
166.696286 80.604366
174.064355 124.515288
182.753005 162.194991
8.972256 245.873098
111.326831 87.550550
169.670942 74.409433
79.475162 173.810277
183.463324 85.099141
9.007592 238.251180
30.072517 35.992682
143.201927 243.481402
153.537832 137.925919
96.729933 174.971178
192.477483 211.313559
37.583619 84.863516
40.894881 150.335185
146.769032 183.901949
72.050928 199.939185
102.303131 10.906728
47.506553 53.298344
28.210003 156.901267
31.670403 105.579648
181.721184 234.932641
10.324441 153.603655
93.308477 44.465352
63.339806 190.145495
20.273437 169.575189
40.165511 77.174859
62.284721 24.136169
125.267778 219.441320
120.206394 136.072318
173.963820 12.395406
63.676029 3.782243
54.520273 152.786392
104.708806 51.122360
170.801449 74.949394
139.565908 105.278414
131.449871 97.471768
166.403356 176.513036
123.671881 191.625642
121.734950 249.126964
61.510497 8.655548
179.031269 223.165960
0.226034 248.696506
73.746076 62.873770
175.556276 217.903258
40.047749 103.155837
192.118523 170.019799
18.215578 186.529437
0.200371 209.545754
68.396160 167.833076
16.405816 165.685171
136.538185 246.589437
142.934250 119.918121
171.088804 111.913238
140.636060 87.817420
157.898459 249.256494
3.110883 105.765474
80.258265 125.824583
187.013917 178.623697
102.783362 99.963474
68.887816 246.897175
80.651152 129.897096
144.395838 76.071367
25.169709 34.132981
138.409203 54.343166
76.475517 155.016273
86.804717 158.593970
191.077786 55.445041
91.845744 64.281240
99.836106 181.783953
194.316237 91.246969
70.243157 220.920993
15.300372 191.693552
34.818668 246.691929
120.998218 21.319538
53.978777 26.624523
182.692699 145.248639
155.103660 34.006852
42.532031 44.815602
172.661848 159.608554
32.771244 232.864736
6.097348 97.666447
183.976383 113.833155
155.069814 72.953813
107.783979 156.675556
196.853283 141.404327
66.023196 64.825493
17.654152 141.658770
87.159295 107.835930
118.782073 212.880793
109.988934 230.016038
103.641142 120.838066
140.294449 160.999634
136.673038 79.678368
123.461339 18.414137
189.123070 239.293972
51.033394 147.813596
42.488167 123.270405
44.556550 77.426741
48.994187 56.618500
69.704429 152.912961
6.512104 61.166401
18.965084 182.706979
4.951550 25.877507
138.613706 100.704878
37.511217 63.787128
56.211248 178.051945
15.227284 156.200991
16.050427 199.405205
122.622068 136.367267
139.721302 119.907476
27.964859 6.729627
83.866950 189.789249
30.321008 6.476423
79.396322 17.486402
115.166169 247.243048
131.122029 209.920503
107.112867 57.445899
194.583102 197.752678
103.404778 155.133949
69.024223 112.653371
92.160410 175.007954
86.950623 223.901059
84.082030 208.357237
88.061477 61.555040
44.439310 114.348983
90.690248 38.742560
116.959771 178.598981
170.460071 153.013305
155.696770 244.520008
118.216157 73.684767
135.902139 134.061789
141.185075 121.948682
73.194829 231.854729
25.948894 153.819752
198.857456 246.582223
45.931099 204.966419
96.483390 245.419348
10.388678 3.143639
68.107250 98.198053
131.738382 158.728663
2.109025 57.972134
70.128062 52.915295
77.893966 204.868132
174.961809 228.898205
73.709436 43.111221
56.234019 156.438766
13.067485 31.520163
7.501484 96.792024
26.833511 238.533377
24.376163 112.714239
110.576365 71.216194
144.461073 196.570367
6.525801 98.918520
18.850412 23.588123
156.471894 28.895441
116.536686 40.109236
92.747295 4.740523
139.175293 148.935014
120.628742 9.081505
106.280637 73.340887
112.228751 35.771635
171.091242 163.138782
98.802335 213.552517
141.719237 94.017166
117.202334 24.539752
151.688731 40.624885
25.955642 45.596388
70.790785 225.895116
95.372960 166.663950
96.803494 220.403228
53.638477 127.359470
24.493804 84.207301
17.685665 53.714825
28.049211 28.856375
191.269913 91.795201
41.548176 125.235470
66.036375 91.697002
121.211507 2.240733
128.002913 181.202051
170.298019 248.507459
131.886911 29.141218
21.166322 177.957905
150.806893 14.307714
175.801919 128.575929
180.512995 102.387292
58.570306 238.916815
179.934302 194.760496
71.729766 202.720590
99.968440 211.970541
71.100164 225.567608
91.824033 108.160439
82.001719 3.606426
90.565438 166.650588
117.139796 210.688013
26.741104 47.161394
113.238323 245.615820
52.066922 110.948109
163.897544 32.534129
40.878641 59.144618
34.869751 69.880857
190.049966 212.224201
81.720753 100.862858
161.641054 126.485897
78.771171 133.833096
66.278161 171.315880
44.794429 74.952875
186.381684 146.204808
11.366177 39.170693
73.464108 139.089007
135.157153 232.829846
136.975383 181.583138
94.237626 64.723593
47.538644 227.479401
197.034544 199.467122
155.131749 124.136617
91.295961 14.023744
157.649761 24.419334
132.600764 26.300003
19.321222 164.731643
115.783905 225.106604
93.348972 145.205387
173.549639 60.977409
77.855685 150.624558
37.551462 159.285452
88.474194 232.219319
128.068847 66.393103
95.104344 23.384088
13.096242 135.682608
134.068726 116.342861
99.570655 105.000838
199.262552 7.146379
87.350115 116.737056
199.758532 177.068755
195.649053 92.035673
74.851412 34.601612
39.431616 158.961321
130.343254 98.830998
42.072834 147.653274
86.863455 142.612829
115.059050 246.819482
36.026515 122.056585
124.015856 168.123264
118.156120 62.389054
58.259974 219.238168
188.706475 237.159146
147.011758 33.266757
91.505438 164.879225
100.108176 147.649476
35.796396 37.528287
190.331728 131.680981
129.802401 236.193096
157.895057 177.776307
109.108036 223.456536
107.204353 229.453488
139.823092 8.382656
109.843092 166.064867
41.774334 126.547940
112.987001 215.649715
139.813059 47.593096
117.737087 9.020858
90.841833 223.350909
86.982864 151.240057
113.304584 137.670597
63.785408 51.692304
34.039433 125.942728
175.546173 5.657994
75.118868 153.521899
194.046391 172.116609
11.084516 121.821162
158.622026 200.491770
132.141566 129.118109
70.447253 8.722613
80.771447 157.143256
85.359766 51.983984
155.859679 167.026504
171.556199 181.304605
149.194713 144.434699
11.183165 194.320049
149.657022 106.960906
153.559258 88.065416
92.360649 131.781217
77.537624 218.548748
119.040459 141.248555
171.566256 142.589183
197.112799 93.515337
169.812342 45.044847
54.995987 146.942540
130.622407 213.485584
41.772862 95.616172
16.808450 124.515070
179.825943 168.279034
12.581755 76.936424
56.380038 224.130941
174.984478 205.154297
22.619379 204.881425
153.686342 7.945199
27.968146 75.789509
35.421010 151.152298
133.332282 144.579348
156.084450 139.179879
156.975485 108.728150
115.213054 232.252273
171.166569 245.659995
46.025738 193.220311
163.009570 127.299047
12.060325 122.355632
144.883501 71.246570
152.881718 103.797628
21.385613 34.999084
183.688213 59.751084
189.177970 142.673836
135.334551 209.750800
25.361519 63.815074
31.955236 89.562886
26.745867 147.243047
171.118585 237.574719
134.646525 5.188327
160.165518 127.325125
162.705147 231.758355
130.133805 198.572278
123.419496 139.328950
161.325871 4.886398
100.558911 117.022130
32.755748 157.321037
75.736423 127.585753
66.996419 11.017568
137.810049 216.858909
198.146639 63.202478
195.232218 84.864578
55.176440 188.029940
175.360974 114.852867
65.705758 145.843199
149.318799 1.325905
27.587924 87.793985
42.801007 195.645954
177.233989 214.563762
138.512814 231.073639
123.720505 213.166403
150.187974 11.609132
91.745996 218.702390
184.851322 245.219663
125.507311 1.716533
79.817376 113.289172
40.894160 135.187248
73.657871 209.800841
98.186658 28.951174
65.899021 206.052045
93.378954 25.104847
149.729928 138.630285
167.359893 22.152248
50.265244 9.938013
22.545081 143.970774
173.436948 193.473316
164.819232 146.041932
21.405618 205.282940
152.297074 71.158280
165.765507 26.090107
197.146555 52.686134
196.689956 210.104906
186.519171 34.626169
169.623004 67.294628
16.644533 180.838245
78.712359 148.262659
80.403698 181.186314
158.702734 146.072713
35.274982 83.270332
19.582199 147.516151
43.153995 111.484970
182.314440 198.484385
141.645564 46.239162
113.279743 115.798512
180.476911 94.301686
142.751977 40.593038
197.751501 11.843041
36.797528 70.060206
1.512428 24.211989
144.716551 63.835707
109.385939 61.839957
75.328101 49.251108
10.703819 123.860714
181.611020 170.508941
195.018895 103.217487
21.048423 201.058779
155.915865 97.432777
42.150881 37.320679
198.922518 113.441961
95.230001 163.277137
159.075523 227.898909
37.567741 1.276266
160.164545 106.884605
127.650601 29.558112
26.548164 243.739967
30.095582 20.552551
141.386446 102.498455
153.222132 5.471246
164.187949 133.578328
40.768687 249.160425
111.412465 136.613704
53.219779 81.033050
137.975568 194.208687
52.327012 75.117597
1.164356 211.653654
10.373085 175.549431
167.425931 159.522944
81.690767 220.896874
91.003805 126.187782
70.446066 233.783888
164.641913 170.784081
94.443467 139.181970
185.101891 9.356936
9.619959 103.307406
30.064381 115.064777
114.967489 73.244662
18.432865 1.460837
41.826408 220.553054
68.144359 127.810087
83.305741 149.491138
198.042110 117.176091
102.853896 81.792577
150.272976 47.390938
199.593650 213.094241
179.932629 159.616185
135.379640 157.021273
45.234519 70.690941
82.119199 221.718496
138.215156 227.650030
91.242341 137.527458
139.190421 216.763870
120.289937 141.215845
131.766566 0.852195
58.274178 17.636105
128.012860 140.179806
1.605660 232.919380
140.814981 96.722789
95.929150 101.538910
51.569804 167.112262
124.629270 55.173544
41.403288 81.317848
167.252127 8.130366
117.644211 57.826781
115.764697 71.573135
143.740969 68.089019
97.717981 182.641010
117.962512 244.929077
18.391248 127.128212
115.086689 77.477383
129.903965 119.923540
43.946041 1.384966
21.701438 170.077547
194.664977 167.828200
150.852147 215.043312
186.359479 179.708198
84.553685 117.237266
125.383392 148.327627
153.940772 103.196919
144.497404 209.840942
37.371846 135.768252
85.603132 164.800364
39.772886 78.614067
13.292639 11.736655
6.365757 236.598760
12.290584 209.797296
50.520939 131.770040
127.244724 2.597712
127.796219 88.819331
29.199336 191.540766
180.529786 205.135450
169.212499 193.097459
111.201118 196.493328
170.694872 85.901456
196.610448 39.750307
66.726261 85.328711
95.718236 170.499079
62.419852 113.055744
102.316602 43.902371
93.719286 175.044924
184.036205 120.630663
151.636990 203.618502
172.931921 83.495389
45.602480 51.099131
58.469836 128.156766
144.609878 72.772479
69.646121 177.941384
128.677315 99.544418
34.426316 3.858082
74.227316 173.114540
28.863983 146.207940
53.484566 143.871532
39.066033 228.526456
75.322010 171.276275
112.282003 154.533511
195.775276 243.834587
102.318863 91.414302
120.141182 16.054640
64.266905 167.337183
148.821311 49.722386
147.315864 172.151122
75.120906 196.336052
56.022421 211.031677
47.521866 124.993426
11.605072 58.064771
115.688468 220.106238
60.437048 206.837522
54.582165 203.069163
186.744278 13.858495
135.785791 189.732098
61.898334 156.622059
77.562990 1.457970
3.281540 191.044798
111.932549 62.935433
4.661486 182.000305
103.307254 106.262871
168.055151 128.651941
2.541339 140.350394
95.264047 128.538807
81.380035 192.800966
124.663060 15.062411
123.154551 73.166218
163.694994 27.208027
28.249086 227.979362
119.306586 232.240443
12.103440 28.152218
123.457446 186.618795
1.676405 219.170381
77.280382 64.223592
124.731277 198.225193
56.658814 80.865242
81.691225 230.531134
29.417568 26.339404
149.095984 70.253142
195.648609 82.706641
40.416639 103.057555
70.665814 100.414326
130.863171 21.648471
76.678828 176.337517
163.717886 8.136461
199.606646 236.126916
68.061916 145.787612
1.911492 158.057444
177.165749 30.933354
117.502277 75.956614
82.247968 177.000861
82.770385 152.333271
12.223132 42.729442
122.985728 26.416110
180.445533 185.098343
158.281083 37.712534
67.642129 76.586671
153.737019 72.603385
196.068633 156.892980
120.247949 9.101853
179.870158 97.184932
109.718852 55.923761
128.516355 217.963964
56.269191 145.369332
177.896630 135.817868
152.725978 81.895912
139.678919 229.495576
105.716548 222.519506
108.269726 111.613438
109.642659 205.206239
121.007005 205.922066
145.733481 178.260468
18.952069 159.269289
71.157833 187.130657
83.966393 28.964172
40.669673 168.985827
115.828892 170.224825
174.908579 110.617651
120.684579 182.142731
18.303981 43.762081
7.437507 2.726586
60.580983 230.723552
16.591411 64.813642
58.301447 90.528291
7.194082 138.665813
45.061124 177.889760
34.558191 24.390843
149.521903 18.270252
54.494678 115.060039
51.260844 176.250306
191.110198 236.368516
116.513873 60.832166
124.968373 179.315952
10.562231 149.274940
91.131342 55.590300
44.936542 60.567960
172.563714 97.923753
43.607261 134.049543
176.535484 39.849434
199.547554 244.673005
175.361664 129.357086
83.630459 221.406557
144.004389 102.208639
56.477574 23.228984
127.630236 101.710070
152.921511 189.788870
25.226042 217.601322
180.331573 40.941549
83.694613 69.205173
105.076873 33.757151
85.152667 201.101827
134.730657 22.679908
144.964459 22.079007
65.499809 69.121044
173.911375 160.608925
83.361982 81.030279
100.712658 97.062553
64.266977 168.857455
189.793589 76.056223
21.546365 162.186989
101.378461 84.752752
151.599422 164.358511
98.797895 120.271978
128.909292 223.083254
88.194444 105.028846
175.847093 77.605379
50.880303 181.559323
174.027989 110.509034
60.265292 98.444973
51.729615 24.540541
162.295027 115.638000
22.288281 248.919866
76.950926 142.756756
50.236853 163.494325
79.292684 90.168951
175.653892 18.693753
148.730856 149.362534
68.893477 115.842335
169.694512 69.583816
196.159817 72.545557
18.540761 18.210209
47.182775 1.119071
46.581524 119.589964
158.822868 169.924185
132.626423 65.374448
198.676391 192.620446
97.463335 82.844126
88.976883 43.086779
127.589121 237.939131
34.377871 236.095501
45.668072 179.101662
129.309433 129.544959
9.702272 82.606305
91.338411 155.846347
47.647123 6.488780
45.547011 135.770357
113.914240 195.793900
166.465394 229.848091
45.497254 90.437434
