4096
82.284609 95.492550
161.206444 352.631749
317.031207 305.328978
72.156855 391.351072
267.159685 46.952957
380.633597 96.768997
446.090399 392.294582
106.926222 230.230572
320.876471 151.868596
62.422525 164.775342
201.566327 111.337088
47.734099 326.222814
30.193281 274.201013
108.487409 353.668735
124.235714 26.353107
131.257155 123.552826
171.398924 223.746193
115.054728 66.501998
111.468975 96.948488
239.883902 158.885518
437.520257 358.180993
391.447125 46.075503
439.858156 85.351103
107.983590 26.849063
58.732972 244.501896
161.278726 232.492266
334.696168 211.990547
140.762087 123.020939
14.533991 331.373306
215.047416 312.816396
343.312431 135.140816
125.659828 101.984187
54.261225 238.579461
230.627850 277.572044
397.517131 329.264426
390.605463 272.017774
228.067176 22.247799
358.597813 91.953815
301.232822 284.478141
27.132669 150.012926
75.647701 143.038831
60.336179 195.699398
359.757312 214.354299
284.282694 257.094652
213.535250 121.732302
399.140375 179.801769
369.378057 344.000994
27.787677 335.541549
277.667854 234.328302
400.252209 390.118481
361.470944 215.256525
243.459292 373.611531
100.130641 307.276043
437.002229 219.075751
6.916084 123.222945
234.036590 2.636079
342.657992 358.105369
311.548330 393.590362
307.358753 203.166418
245.236846 129.487334
330.330122 185.207160
423.832082 262.928525
269.683161 146.567418
178.420923 329.298214
129.464942 148.695212
360.473167 108.900059
318.697255 395.346432
210.914256 165.242333
31.374346 318.788075
305.081329 179.462984
263.670520 320.381582
284.910525 36.622543
354.470473 31.327583
138.032287 141.012858
3.497988 258.392477
2.655481 71.709249
19.509690 266.100180
388.931992 71.097538
153.352534 218.698906
81.575068 295.257670
445.124403 360.754548
1.895648 320.136659
153.924178 358.807997
96.763581 4.899860
395.933155 265.363547
410.778941 54.807134
386.438746 23.108410
430.926116 244.650146
264.384836 191.952253
159.202855 19.890488
336.856295 83.335468
246.605450 175.823805
304.530567 351.325493
368.514835 247.850603
28.212789 286.524373
17.026633 370.330803
168.540377 318.323342
67.968893 225.054260
97.817727 153.361136
383.181903 167.328317
322.894422 299.158813
407.445108 248.829378
84.781291 194.803877
77.357331 84.141335
183.839677 83.070450
185.683703 31.990421
70.874790 37.865062
447.853549 332.976536
378.725070 384.222615
33.175536 27.761485
210.678915 249.352382
73.663773 104.024339
379.190912 143.689996
222.480939 166.354005
350.730965 164.731565
273.832687 138.643518
204.307309 260.400585
171.715010 145.926961
218.730640 138.544171
125.867161 399.451393
427.012360 174.881620
39.818586 71.977818
147.589904 127.566405
9.637790 384.304229
226.316416 266.662608
223.266754 306.073813
205.398805 166.856945
410.259154 289.427205
3.412556 182.068178
22.353795 355.765683
173.056355 185.023003
91.812309 35.085279
88.072288 160.835071
399.421284 376.460624
420.422956 132.110543
429.637727 196.693597
257.953942 117.252681
299.030353 180.574751
134.826812 252.648968
305.105722 143.890042
404.933506 326.604272
42.746269 210.265404
371.966677 216.836995
426.793075 98.854234
273.505401 49.128715
119.598075 342.085625
262.233616 53.674393
118.709758 271.017710
218.988112 385.060657
128.766359 112.172324
90.275052 269.152533
52.453717 35.226300
54.473641 211.981232
414.644126 198.952269
214.627838 44.514468
173.988844 116.004112
91.257064 139.982243
316.744826 26.925262
149.486159 56.772260
192.799481 338.559586
192.324479 42.237181
315.343165 286.738630
18.165891 190.339162
259.091693 314.743010
321.492118 149.361399
356.670521 99.060625
125.916251 332.819759
114.409058 20.476842
173.560679 119.406078
65.198320 33.919860
102.474143 118.153867
238.551416 252.133380
6.435776 147.638203
174.689178 178.676465
242.270141 208.232286
180.036744 68.939035
290.664303 395.505057
60.170702 123.546574
53.169877 334.327007
263.254989 112.530530
113.197008 312.994474
110.389058 363.467411
446.365486 101.974300
317.313525 123.031375
211.857109 251.050940
239.793790 12.652959
290.562409 73.257452
42.750598 274.926866
332.823021 228.008970
165.106770 221.769734
94.402524 331.747879
97.425187 288.990647
299.028162 147.838614
364.034036 106.707291
258.112437 85.089395
109.638361 348.383570
92.991338 49.259070
334.340893 104.347270
185.141853 337.004515
39.253497 29.801651
85.883307 258.441907
37.263671 302.690415
132.534778 10.683748
406.974193 13.558915
320.274943 365.302704
47.872803 398.407472
38.688776 393.116464
346.952892 122.011460
277.438680 10.570370
63.238910 361.207624
18.602655 315.402352
188.253847 28.806031
160.828926 312.674572
361.731835 112.847896
263.914589 366.665106
157.999382 40.538307
143.243585 395.489648
218.834889 95.982262
420.611699 151.841818
6.119045 215.805957
282.062886 294.150962
219.611431 97.172204
419.881134 37.522218
265.401027 173.380554
7.838740 307.293712
321.086453 88.909055
331.304624 343.828648
369.100003 190.002112
186.190340 0.922220
337.224278 380.833940
310.540563 137.988165
412.966345 333.649188
47.145268 329.343069
77.590187 362.906121
183.566935 8.427822
52.212604 33.096020
275.418572 231.051164
86.528306 294.436788
223.989023 296.451900
75.460154 141.157939
46.665458 361.205901
436.021871 372.971107
141.077815 39.857861
327.457941 76.101484
267.346765 41.849597
186.941912 29.072967
258.025895 392.195107
26.055986 64.851853
410.721280 393.386845
59.283254 65.473563
15.935734 72.790244
208.825517 160.406143
389.296050 309.967113
19.424291 190.273638
370.159047 11.652463
273.316137 21.618029
150.985167 51.283003
352.614649 306.142124
147.018568 392.071741
393.464152 179.560006
298.140169 81.616787
150.011752 308.909058
263.850936 215.717414
407.894497 162.501806
413.840467 192.647540
255.610794 311.662351
122.777044 234.472797
432.339888 165.779305
284.382703 151.192371
326.449412 209.129138
37.593416 28.920282
71.074717 224.686190
338.391825 223.475631
399.297590 128.532751
281.181598 328.097270
372.162395 340.771681
168.341652 149.468428
130.345386 102.132796
164.143405 229.521203
408.222493 262.613513
163.485491 0.568753
403.905640 170.754375
302.378501 200.409612
319.898908 347.503545
103.582447 275.714589
376.981699 339.033059
144.696963 108.314237
42.058365 333.275227
176.326261 235.977093
75.374806 66.101512
189.125661 253.324530
28.555079 200.186392
149.269840 25.073430
235.272344 64.255395
382.973266 250.389104
325.874274 16.815033
236.535118 129.536923
367.945986 149.496756
215.982489 282.397159
280.174699 85.486846
424.589344 376.089295
149.371441 342.938267
183.885918 373.894673
53.737011 7.054190
179.735105 362.590749
70.557976 104.796249
124.385414 262.810126
281.005410 95.939021
53.024556 163.295305
117.212215 298.395757
379.669557 94.443233
120.847353 205.747359
445.337928 350.713786
52.424594 0.136519
331.281370 396.425508
363.958383 176.476261
41.092426 302.574179
184.752937 126.773719
321.628423 185.688764
79.944589 336.631906
194.006761 374.787557
286.277933 65.080456
233.132280 92.647895
374.808503 272.457792
447.866712 129.628151
292.882075 328.032345
44.577202 363.582493
372.322322 330.015080
183.877555 248.954514
200.830853 323.690668
302.690826 66.412701
223.051116 284.543001
353.502818 374.987350
13.940761 268.773973
94.690401 232.509967
219.393197 36.853906
229.047354 265.675824
15.272094 158.298707
142.173213 4.617541
7.896956 377.009952
7.054305 188.185429
36.577324 48.960208
83.489019 88.841410
402.272010 165.035782
175.934692 386.097910
391.010657 325.426386
271.422578 132.689800
132.155488 344.257791
383.275383 363.878169
112.943241 121.819810
253.748318 87.100786
340.767259 111.392576
196.901552 21.673069
291.682531 7.381064
60.243954 17.895265
411.432424 217.561023
166.624964 102.910294
14.972762 86.408360
298.462227 93.021295
235.012605 183.866383
272.583600 277.833713
395.119247 105.940600
161.621755 157.189465
318.755817 70.237468
91.265818 270.757742
253.547678 289.617012
442.261095 384.202523
103.271832 35.278683
144.931585 13.460149
252.808930 53.052654
62.952936 88.886562
355.997021 37.279950
184.636491 387.109577
169.484374 21.218479
246.349796 356.458560
223.887824 384.588322
197.919521 29.679720
30.438018 330.458463
17.303126 101.007104
29.702964 149.082530
33.845196 32.181134
76.857208 212.535133
87.723202 145.646260
311.274805 307.236355
136.598205 316.467885
85.216041 289.779373
362.162655 149.103709
434.288423 76.016116
3.212107 387.455117
402.915909 184.607810
341.403573 17.651300
298.569600 97.129591
64.162679 161.914121
101.965306 116.348186
296.960947 64.569153
15.482865 107.122549
9.760869 223.043945
337.024084 190.027625
218.580348 293.259008
4.665752 104.261762
368.369318 73.888708
278.453649 373.756970
150.063616 283.725876
203.389391 147.098980
329.122590 145.219401
340.281026 47.288467
424.430249 399.277300
285.286060 46.945955
248.253692 399.816706
134.307599 95.831087
262.212290 135.072292
180.011050 85.077537
335.436361 70.146292
167.326417 182.299771
351.290747 127.626612
248.021157 125.854181
35.115496 209.899413
201.869455 239.943568
372.993591 358.467944
417.075658 124.960662
240.568532 386.945235
212.127767 294.566532
427.162511 18.059925
374.800856 158.214714
354.040493 7.619006
59.213148 218.114392
279.663200 43.910687
7.771618 104.519802
297.344350 192.428979
173.081209 156.340397
14.677561 76.233629
65.931195 182.753749
385.043586 380.050151
340.742567 142.507618
366.223924 22.658857
30.842251 369.519774
133.701151 235.772458
256.161067 132.486882
345.409833 269.390718
56.018947 98.170838
401.929875 253.699760
373.350950 97.257040
223.950298 117.917292
265.422154 89.014895
82.517026 367.695708
294.491926 378.486993
34.755678 34.382732
304.396092 342.330941
400.633492 86.306555
173.558099 80.856514
174.852882 224.344856
184.498116 319.849270
120.012216 129.171754
213.380194 205.261614
260.944901 0.843581
200.327601 5.323475
305.600678 338.309460
412.982975 182.098846
152.211450 371.417215
10.279115 365.411217
299.623986 249.178475
385.448773 33.358585
289.953820 181.201495
285.219699 255.542195
109.872529 246.748715
343.859800 312.585348
24.683982 367.722245
346.245155 348.727465
295.324795 21.180680
431.646929 213.274057
109.205772 285.699674
173.714127 11.856073
73.142003 309.023167
171.416587 87.626320
377.511902 260.029384
353.083016 103.338866
18.364188 352.801499
376.641676 59.237305
1.560215 108.921813
280.033614 377.732904
176.536852 182.105533
278.646446 54.054951
114.259176 181.305638
4.344379 103.094146
341.223718 130.692814
173.390110 371.187205
161.281548 274.645090
405.038974 302.255889
16.573944 7.361641
142.983750 113.676237
176.083100 203.258232
181.242161 77.330177
99.312281 81.338348
285.321938 182.945811
416.524316 288.154684
242.751931 205.959392
404.433148 51.476204
405.624546 250.446226
55.928493 346.826094
344.428411 7.379761
35.604978 322.548925
314.757090 331.031848
58.808143 167.523273
409.111995 351.384675
137.517372 48.421294
243.772251 249.090788
77.480969 331.239613
387.199800 192.919571
449.130803 214.585172
149.604110 218.919996
211.921030 5.999473
37.280636 156.130166
89.656396 226.711325
379.402750 108.454586
445.756346 201.700655
430.770382 318.058398
8.438283 64.191402
73.007970 306.621548
211.897067 48.005690
35.587236 57.482320
118.530148 387.737618
344.414103 193.619703
187.142482 225.504877
68.018491 166.029857
71.785759 47.329530
300.843254 64.511341
272.373088 332.879229
338.849356 258.785490
233.698003 144.293969
392.329210 24.022146
157.732912 59.599233
94.856101 307.996825
115.465600 204.748453
8.150784 169.083083
201.800384 8.043042
426.840089 1.220787
132.479906 390.921657
247.824771 391.933048
21.072039 6.894099
302.765094 375.944549
112.536286 42.102076
10.785716 333.807693
344.140676 108.743315
55.008135 197.091174
125.285707 112.776319
260.549468 93.249620
52.165458 128.760354
84.673132 178.959158
187.381769 200.352433
138.752910 106.806754
338.746707 325.255392
188.293088 215.041785
233.198400 280.454656
1.576307 349.319702
243.263800 253.051576
267.563092 73.676780
321.341240 295.304442
429.472042 121.425878
5.321866 306.307155
117.406080 394.650140
95.512892 120.153887
254.677428 367.586161
23.176777 250.750737
413.591524 73.547477
126.493444 155.828885
243.073090 203.933849
355.733990 107.700642
140.277532 83.983126
342.444036 361.703463
393.873785 299.289270
174.114387 391.559069
149.939587 30.782865
188.556559 151.195244
380.767154 92.051750
352.991312 333.314144
12.170891 227.698485
144.493970 275.686935
304.107838 35.946389
169.825104 311.579831
362.502286 23.035947
410.800434 375.901151
191.973166 393.783170
352.955122 192.652903
357.005321 300.830608
67.528742 49.392028
148.284182 99.769060
20.908070 357.271826
301.035228 132.518792
48.758335 27.861016
292.616276 357.111024
410.604645 250.902079
125.143003 380.845158
72.644953 83.304533
111.704483 15.327224
5.238184 256.141713
195.495370 213.935479
15.285615 360.291037
237.890176 373.499138
225.004899 273.193771
413.665057 372.094232
211.234246 145.757726
168.865175 370.659761
88.430733 315.846665
39.264095 188.129101
321.519211 154.109912
140.953584 183.903263
69.916623 123.269767
219.349219 179.848990
362.220436 212.330324
265.230605 27.359326
256.709243 321.993414
161.227959 274.051343
428.534113 109.185142
309.012035 102.470905
257.070090 112.887346
109.828234 385.001019
351.145815 362.414598
339.915054 179.836992
135.355905 157.065912
232.635073 264.600133
376.244929 132.014810
419.528826 374.210627
177.758846 38.151172
7.591421 212.461654
48.389261 114.058651
206.720871 317.939468
9.719691 7.869407
293.763492 296.008193
235.917102 96.650147
448.893254 265.702378
67.356379 274.360014
414.847459 36.660450
171.201935 80.818475
355.613852 312.891902
420.971319 324.412654
3.916018 103.575311
439.024622 32.724188
444.861539 33.682808
120.332425 112.955439
47.323892 197.915849
418.126282 220.825606
242.946913 318.902725
222.853348 129.975906
118.188599 85.142085
205.907384 164.802661
268.107872 212.446525
212.339769 261.782341
197.777570 308.993486
60.214257 374.240305
288.915391 267.540689
175.896797 219.969663
258.887142 58.840086
140.986912 281.804354
321.490481 124.899300
430.346073 379.065572
174.457368 315.542504
138.222172 177.824402
331.556755 110.559995
204.568323 159.826458
228.685041 52.868058
172.639168 352.446885
421.645952 3.123331
105.557004 174.718466
104.910355 114.070521
431.148271 363.544122
96.817892 16.272083
320.510076 278.084022
177.922745 86.737233
216.767743 13.742752
196.230062 389.917477
160.919508 65.928951
76.356145 326.866510
51.121774 136.579150
321.489237 106.310107
398.222376 65.304295
415.439855 86.800203
57.380385 37.451969
287.146811 245.736852
111.681080 65.692004
96.197238 343.977972
42.502628 170.371327
259.759341 289.106271
235.233629 285.864793
145.767481 101.383989
405.783572 226.222009
127.460330 200.673747
364.123488 243.075494
191.063586 5.064841
365.380328 219.706173
226.848219 211.566926
230.992430 124.236683
51.680503 83.740064
246.662263 224.581029
150.027191 139.549029
225.602583 2.320373
223.313195 199.881448
233.432558 178.669535
111.228545 105.023794
376.764039 287.295592
199.147969 382.143098
313.934653 44.192479
385.869111 313.018140
107.870330 334.781768
311.827841 169.359072
20.156527 329.549965
389.538250 328.329282
259.023545 96.641939
293.695177 75.418336
400.476453 140.214626
210.614490 86.874882
119.405709 268.227180
105.991651 268.153732
67.249384 275.905487
386.457808 307.897465
36.782443 313.356308
201.902880 339.294102
130.465608 298.203147
337.827498 192.669613
222.951935 2.820337
226.583094 250.725969
395.274892 31.211257
188.542341 338.771929
157.290650 252.396733
35.875562 364.956303
248.156159 142.725192
430.080575 12.639718
40.203509 222.559159
170.758102 250.155649
411.750357 167.337568
47.821993 39.318526
29.781755 126.190381
91.943052 388.334169
373.926572 296.790188
171.771352 187.649844
259.792782 388.704118
168.874015 102.728177
171.531511 204.537642
72.166050 128.706984
425.556341 22.599608
260.568320 374.892475
20.057098 44.126993
47.669013 153.871567
134.352506 366.729374
23.155909 338.985752
150.231003 384.416773
104.291347 66.373123
374.721471 172.238022
4.993423 199.514859
52.023102 2.025902
55.496360 290.948008
408.569341 244.364945
271.830149 221.614476
308.803808 191.651913
330.419060 313.905522
236.371803 89.688220
213.654682 305.997357
109.774878 387.882180
377.766131 58.106905
228.094041 23.599667
269.555816 244.086620
409.306283 53.947112
325.250106 292.021637
8.609448 221.322944
196.562021 149.237233
258.948750 179.233633
427.126272 276.663005
309.514191 4.446551
374.823815 101.203782
148.455537 259.743139
340.802357 235.740533
102.530815 164.807363
357.020905 133.646310
217.723631 294.274557
306.531638 246.440702
369.985685 221.697128
71.593179 370.281057
127.948536 294.261354
56.894721 381.841036
2.584162 206.236729
248.298167 264.262934
300.529604 178.716930
107.367391 21.101005
275.168676 97.722761
29.749756 48.127571
90.102752 95.075337
372.578417 155.966998
154.498112 133.130845
371.371072 118.768557
161.023212 15.227618
371.888555 249.721853
309.574107 99.576578
431.485532 202.082388
448.525167 366.648023
284.994948 97.857602
329.309677 140.209957
122.349480 246.856304
128.142526 392.384674
10.364840 46.102630
52.772178 392.891825
149.522424 198.554237
338.702720 68.109601
357.825959 160.800486
195.491740 159.705001
182.188813 219.892483
149.584286 322.757661
211.511757 291.639097
425.594417 191.438909
352.967874 383.162383
236.449175 45.583479
136.728933 269.485115
40.861980 59.816953
161.463330 190.382701
182.317344 140.089050
86.253323 186.316084
241.220043 120.231278
367.974080 169.209287
338.047849 284.615834
380.608839 126.894785
360.739297 84.767645
326.037182 50.590473
308.337372 23.306299
122.588428 216.635504
217.021393 203.154917
27.772176 103.965544
167.506812 77.328809
73.458261 233.777245
330.920333 202.698431
396.593886 136.399951
83.214497 387.604780
82.721287 219.256563
275.686663 236.211285
3.455878 29.280741
136.590123 195.732052
77.172148 117.594935
20.325604 55.485599
164.765821 328.130698
104.221150 217.661557
267.502922 374.758790
192.353878 81.449894
144.405580 155.178086
87.852319 74.595838
148.788883 39.787121
339.902477 391.938388
122.043942 82.248525
394.829393 175.657447
309.049759 266.050886
356.901807 354.380739
86.720577 366.873964
57.060871 64.046050
24.698575 185.739848
145.833995 295.066788
435.944131 11.559823
321.691346 325.739020
332.681237 109.817783
120.910727 352.528292
160.884604 344.476750
23.331196 157.701429
98.900813 334.191747
405.770869 36.438815
30.561558 176.094775
27.997070 263.782039
207.824841 10.757333
448.301509 225.301759
277.504439 192.989459
420.566686 279.365735
112.405075 81.859542
239.993012 188.936663
290.812985 216.750744
145.968293 301.428550
123.349551 387.473484
300.203610 108.508214
109.750922 29.994836
138.600890 235.691442
74.314812 230.260388
434.642720 169.058518
187.322586 116.182453
313.299522 155.621350
369.027416 305.589779
53.350597 234.205263
323.837729 391.738795
398.170641 92.419025
97.368279 238.812154
130.361421 341.688568
404.724336 1.707207
329.650264 28.430015
251.170780 379.817539
442.544529 218.581347
108.780933 338.799084
220.729430 399.589629
340.751249 272.209340
250.169176 216.300402
180.969325 1.285064
447.823093 277.970211
275.999124 104.242969
13.027109 219.219711
28.888963 388.272750
112.629944 241.300372
377.270481 253.309721
198.549109 235.447863
418.756338 33.578000
388.627640 324.211789
255.977807 194.663257
118.538556 113.338322
86.833244 50.072418
413.016787 287.237762
5.700093 356.848714
400.873222 67.768959
216.998373 259.251729
49.291770 397.139779
369.290269 232.489339
279.353563 218.069394
328.847249 31.751721
57.568079 41.511722
98.452778 40.752048
134.637839 229.474091
417.419274 58.435917
149.009260 132.121530
187.367959 394.036817
198.877506 341.545177
393.514280 128.449627
59.495993 43.686986
278.063180 140.322553
1.299969 220.953745
415.800655 276.983500
69.395601 339.438390
158.647538 123.701151
275.903215 271.406938
378.452225 308.042888
86.430147 27.981805
326.476048 207.053056
383.306311 25.921966
79.295673 242.105174
294.370199 159.942440
171.670100 274.991107
197.482965 307.725164
378.936496 342.829418
375.777768 352.840631
216.554060 21.416819
396.545590 214.868185
100.787436 119.498846
19.246155 328.998165
306.185824 280.135393
264.992041 63.315290
157.582921 218.803276
254.989381 228.020005
373.752688 99.042920
241.148784 255.654095
425.675891 208.620901
327.917440 140.807186
164.670976 111.200980
174.221966 398.741563
55.638242 10.601161
195.431562 60.680572
290.673293 129.805553
47.170806 310.875440
93.966659 220.121000
420.347053 198.144771
246.556151 239.318630
256.745196 59.117137
429.428258 267.313588
381.907257 324.688739
274.089444 374.481706
353.278597 225.219913
79.957705 132.579148
289.962717 314.118290
209.353741 51.850097
275.158071 339.295133
149.969703 80.711442
131.850940 194.441849
432.184290 241.209891
16.471162 71.846775
369.847878 162.914345
114.069653 149.919334
106.029696 36.535973
67.616257 156.824579
169.536218 395.747286
140.223821 81.564269
57.000455 361.471580
59.449766 153.078771
444.258194 219.965677
183.526250 200.603811
391.778964 203.595194
252.484715 9.431680
133.032082 240.180953
361.435927 92.107567
58.367815 389.212598
333.142504 200.951569
217.138316 349.931663
114.150822 162.552640
24.996484 236.367516
257.449300 178.123695
140.565271 382.672791
429.304958 25.277405
42.018677 140.362014
297.410838 385.736113
300.201208 72.622746
191.801454 228.471507
360.692882 191.354459
106.196016 121.286122
62.830462 259.178476
14.222810 82.456747
281.856666 13.316355
233.981077 373.300773
74.358306 80.049392
213.898886 354.296954
302.514738 235.728941
333.347474 63.109327
313.268842 97.262208
321.664475 324.290105
386.771090 188.178982
364.667926 376.745578
408.286518 19.114798
70.206650 56.141883
423.709073 25.228151
10.721041 167.589189
305.437038 293.602147
192.700432 58.815428
124.751703 135.001251
186.774816 332.733531
284.010422 189.480104
216.114623 256.417232
4.979932 397.967068
261.570802 151.526606
346.131846 255.943275
43.450596 332.590343
276.628634 308.852809
100.303704 92.751563
84.966512 161.926298
332.200263 124.277899
380.988482 198.598846
282.157971 114.677679
211.223974 392.298278
176.796525 61.502161
75.170634 215.855487
318.572884 137.294367
344.729812 110.184268
300.362026 75.167842
164.165176 154.763196
343.163094 304.109037
405.655656 315.207338
100.940973 13.279324
433.791821 257.006246
341.965999 20.038206
429.896912 68.796050
287.107262 54.892931
208.680739 397.498212
396.505380 14.156778
374.588393 184.114831
20.207177 286.244042
116.561702 180.026773
123.725471 3.544582
420.507392 193.545957
142.765229 49.072220
401.394935 261.937404
429.699457 318.909123
343.840017 17.030339
257.523614 88.334872
274.715453 126.773832
323.773239 228.293956
153.583137 63.804043
398.868174 113.245346
128.855006 236.525485
94.312299 183.837346
173.552839 2.286027
23.919814 151.394276
94.043159 162.999442
373.065908 238.860654
147.381411 212.784139
295.908856 346.787245
59.879828 178.020784
444.727170 26.262921
226.029428 379.202217
58.126563 385.016157
187.364357 340.216441
19.933315 194.865506
342.633668 394.711391
353.646884 127.270202
259.067600 354.798896
343.179812 153.867263
52.979788 294.491355
355.719716 294.466516
336.071819 363.616729
119.655411 398.659826
310.165887 140.493737
88.018241 153.404207
297.578235 86.580407
401.511393 1.761205
0.635744 297.727981
353.455338 65.655329
302.755877 238.244278
193.019117 19.821247
377.669463 213.925769
281.694253 386.947791
260.461859 384.408323
394.511323 223.824132
238.705666 156.563981
192.181311 303.368726
357.956314 108.235949
361.793362 232.026791
83.556139 291.577753
165.710058 34.610312
107.447393 16.303421
13.053493 213.380711
325.812252 290.235523
436.994542 104.231609
248.224970 370.725055
422.996265 176.194293
109.670291 25.407037
243.086089 398.131115
213.359338 293.681332
339.912655 143.998481
205.286507 89.174517
400.615456 216.866575
86.100641 305.308241
130.053408 140.109020
13.836117 305.437930
332.209076 255.948736
146.704668 102.539455
203.204886 190.679902
401.743606 270.921470
199.292691 144.233956
157.612106 254.807177
162.247014 298.277361
391.065766 348.732257
385.921280 292.405558
67.735594 339.671496
66.192608 88.143315
252.782503 58.246761
172.476687 325.045240
264.765194 274.328351
266.165429 393.217867
14.277965 106.448208
309.404389 364.058337
369.531684 239.124476
185.703344 325.422918
205.855996 197.089056
85.228001 68.455383
145.828877 218.609421
189.614211 352.046235
46.213961 16.043293
44.587776 121.553060
160.069694 170.080393
158.815701 235.981336
155.606439 291.042188
389.305878 56.786670
15.251048 243.875888
24.800732 111.919420
258.411958 159.800366
185.345550 180.137936
425.571677 251.715003
195.813695 169.578670
122.299384 298.448787
32.355421 175.602323
166.767555 233.150959
189.194758 85.603852
386.941145 328.731143
207.365275 345.046725
0.343801 336.227007
188.212828 216.007579
44.299874 220.430959
431.021147 64.372313
343.652181 10.851205
423.230489 75.398425
23.996003 89.623854
346.635088 174.153941
230.940511 148.587140
117.068807 155.952216
325.013379 355.429374
114.172028 79.360937
246.676520 37.567842
228.064535 382.787245
343.379018 329.919307
173.022019 72.067109
35.888019 151.057972
35.257445 330.560603
148.557179 178.224694
250.240850 87.079200
382.628754 303.530757
271.613605 186.537784
383.103638 198.090663
123.496292 179.717777
131.269990 315.308265
209.260634 260.866358
428.493546 303.139281
69.637045 346.499282
15.109953 135.984202
322.300035 219.281988
306.414351 94.213672
280.326918 359.563656
434.657652 392.138217
300.382968 388.044171
290.687352 339.849651
284.723765 46.512511
152.737291 227.238667
0.320060 381.554735
439.236377 396.258473
355.679113 87.872809
88.096012 115.272552
208.997385 328.050064
379.601765 281.651571
132.690323 334.454873
430.924544 221.161647
296.773839 69.259281
45.829935 278.857566
404.007536 93.033285
11.718652 271.450608
304.171357 184.890531
287.047003 354.653850
300.667409 237.465277
313.778866 116.799311
276.769363 11.272297
285.180247 66.147717
162.770348 116.660594
353.922929 251.256522
76.916219 294.128672
248.156750 151.559597
69.917738 139.927412
180.006039 10.216750
127.028820 154.118432
302.054308 157.120477
364.330548 136.463597
386.632645 119.873072
345.066211 335.827807
290.202088 290.214934
47.698021 187.236416
92.750207 46.872086
201.541442 139.562634
32.836166 157.723648
69.020706 338.675671
137.246564 2.673622
152.504205 345.045932
435.347694 301.066241
22.854971 243.102887
258.996269 89.144805
288.832018 221.986543
143.808958 41.910839
444.899810 205.433519
361.296317 6.405204
58.796179 388.784652
341.605680 237.036385
304.340396 310.253275
30.137720 244.145681
176.026650 159.923117
256.297616 172.473857
414.137354 228.010658
197.011356 62.098849
107.278718 296.365917
249.706859 109.498225
378.758391 82.026658
249.797249 259.885022
323.506428 242.255220
431.420055 23.883277
232.019679 270.879639
308.362553 399.494825
348.212938 146.536388
41.702673 219.402160
328.616745 188.124202
228.901174 81.808876
182.010196 351.435534
199.152363 47.796945
138.656476 266.119309
300.624125 390.819344
113.295382 182.658268
379.706814 251.048354
190.892679 251.777612
29.608004 330.424749
279.859437 175.606000
236.299759 213.371484
151.339002 137.425678
127.546848 293.217413
118.201340 275.488777
157.366995 192.964831
404.894976 150.981074
381.272608 43.302217
202.898455 12.739120
119.682608 4.967352
322.067273 341.916557
215.513177 71.087908
421.272053 17.240105
173.754200 210.529493
415.346009 284.781283
358.899418 197.791822
323.042389 109.719941
70.930780 74.325494
437.155851 114.117839
425.839630 254.808963
196.018189 24.617563
165.811303 347.178262
253.189076 132.260638
117.606790 193.179516
414.148613 396.214986
433.421976 331.683465
229.493429 129.832379
104.393493 392.389907
109.315192 320.380899
271.981755 86.534434
432.258473 149.473867
233.194443 221.343654
138.144233 213.442228
138.957859 368.660849
93.252781 355.099435
175.728481 105.410439
37.404522 6.935013
176.350041 191.241038
211.640139 209.612976
185.940142 263.085828
93.959011 105.859139
421.368806 262.682852
124.531868 50.759308
350.641391 26.538252
31.942818 11.506936
221.703232 147.758218
193.915596 212.814603
421.920633 106.732917
292.647262 20.031374
300.718383 198.983528
355.681506 123.617403
42.405271 315.900081
149.240221 382.576773
413.797037 343.822745
257.492064 16.999610
126.493177 151.849959
160.035162 54.188046
380.791036 48.837142
6.570912 166.500242
415.769223 207.410736
396.271951 126.833075
93.920383 328.777106
176.420970 50.887608
76.530981 138.848379
27.789551 363.534907
372.573563 83.444730
62.518056 391.973257
331.340810 84.439801
427.193498 80.995928
110.874617 17.506808
266.541793 15.925726
71.631636 144.799172
44.644551 169.753047
269.389487 159.204989
178.027881 57.423802
362.076020 54.822588
228.647981 299.221305
239.038251 325.228422
128.344476 209.428110
290.516147 182.113914
437.112814 271.165952
321.921650 166.379996
392.175691 130.529679
238.851675 337.867010
147.191389 173.928348
15.471043 330.509569
83.625721 131.101163
244.394917 351.441287
307.925200 265.631665
80.325673 29.849091
82.881489 212.607241
101.132685 77.370460
410.979233 247.084807
398.641152 321.638139
193.729610 234.278206
353.028695 91.794463
438.227010 116.763936
57.907106 306.427983
151.991356 283.305915
362.827925 87.944645
96.353006 271.083130
105.937947 265.841314
444.333962 151.905985
319.380808 207.321394
57.001801 381.569696
272.119711 147.546167
234.489321 366.231352
56.615552 211.178250
81.945996 236.765383
130.261088 42.766674
426.930986 159.189770
340.263241 181.586362
362.226360 300.830908
73.202468 12.342707
274.362507 53.914071
150.516832 254.571496
206.029753 392.942342
204.687747 343.963161
212.447352 269.021185
268.932309 129.170103
182.155328 119.649743
172.390939 244.015728
418.880498 288.465081
261.695367 12.477558
124.112609 187.212681
93.972889 313.195313
307.837731 158.878443
303.738648 120.412831
200.751120 332.511006
126.532003 331.890359
91.427405 284.795079
169.760523 146.763812
291.816738 12.368516
312.359327 109.514348
233.611127 46.403327
338.307390 162.052739
22.938107 285.122644
63.310842 235.840126
185.619826 277.708695
281.284938 271.961306
60.374707 371.291291
329.310927 158.896197
189.425322 330.123577
435.329379 27.440719
445.687277 369.828304
117.344923 280.990401
231.375565 248.114452
67.048914 80.969979
70.243442 205.800318
96.696048 195.974423
159.901885 63.100226
141.176373 312.270277
367.355793 132.271582
324.541081 99.506688
10.010909 358.535556
345.477858 85.647897
319.725141 151.499992
292.906477 292.584625
303.520374 59.490337
285.860441 227.933739
92.639113 387.177785
109.156545 350.274537
297.170365 393.182179
239.488407 250.364915
318.524733 217.947724
278.322007 7.084291
298.893331 133.522130
119.744763 133.544151
86.106825 397.700095
163.687069 212.058597
77.440672 129.229029
396.318822 27.052071
297.179689 132.469638
19.351941 309.405085
192.668585 383.025396
346.306790 69.527984
176.424761 107.516085
250.703356 196.717653
262.795914 54.157926
261.298233 79.469811
55.256600 309.047328
178.248413 152.071686
302.432950 213.854258
279.582916 44.513336
152.600551 184.409155
185.252304 387.081774
93.800064 131.269834
283.606737 158.602044
27.616791 182.576766
188.672011 275.986154
111.697042 304.167736
165.536560 242.629513
308.497418 14.309066
104.030953 176.198019
180.125224 190.787759
191.097819 116.486767
217.222332 5.090329
397.308972 19.462862
351.355950 301.727835
382.192539 186.675863
293.887681 151.336682
355.057487 1.056088
168.378926 306.323992
435.751084 327.533359
59.818231 57.783764
418.188044 343.510714
207.633687 354.999715
90.230514 3.770272
187.822317 381.943922
147.943289 206.990925
108.527979 159.770946
79.066789 22.683050
38.283360 336.380080
382.496532 328.186461
258.590399 25.637046
92.069569 278.436781
97.854769 306.763706
199.806457 219.660727
267.576268 270.516228
187.018525 373.641905
224.427269 43.660584
228.863304 316.040643
106.967218 42.694055
403.861024 304.204419
409.129361 210.813164
378.943913 53.641415
395.166875 17.476526
143.977923 166.177891
170.788895 310.180243
449.259781 141.449806
165.243083 258.212929
207.780765 152.277929
152.040394 215.913558
66.567489 88.702549
26.703173 133.535913
380.359338 399.458073
103.313525 258.144977
272.947637 116.390234
191.990538 253.302444
60.949798 162.894761
193.784166 249.316300
291.443078 30.047853
241.057832 96.868039
68.779339 332.760559
345.057856 211.009740
45.784113 394.294439
119.963557 202.227272
37.977068 160.514851
194.734626 48.763789
419.631840 313.191009
226.443882 170.949732
396.168086 175.133278
298.120395 186.208914
14.875603 234.901742
442.771524 9.787844
117.329732 54.053867
93.765437 13.949956
64.027945 149.047081
263.574192 81.290717
284.710322 245.672223
239.678044 283.460499
135.673963 108.708264
292.266882 337.317177
101.019304 383.506230
437.863425 284.960007
138.189877 95.338128
391.413864 349.173058
170.533785 98.960682
36.213174 208.731975
178.087238 144.182745
89.317265 360.248574
335.013868 158.289054
409.641934 268.423988
227.209530 9.395021
339.883036 101.501825
383.811200 368.741867
275.134254 383.477081
336.719545 40.343167
53.553451 64.760143
26.681167 204.778316
122.797499 140.051820
282.299192 224.463346
174.887493 341.423682
346.292548 256.760309
191.827743 221.226891
180.406076 386.601366
10.301459 299.221519
243.081353 327.380737
324.053922 21.568689
118.070994 328.172275
440.361550 5.843938
246.444906 177.357812
59.348923 246.527732
215.549477 213.380164
315.472053 212.257128
231.242858 265.516678
156.150901 25.056631
367.649322 117.470803
373.258900 322.070044
260.141309 395.543759
341.944054 92.194728
356.400435 64.091429
432.720264 248.424630
81.857679 117.342834
203.631187 159.434845
24.112865 235.489612
308.140377 280.281533
328.195407 293.519412
428.354397 224.305340
337.323643 265.302095
148.848377 128.596572
137.906777 265.958789
415.536213 326.332475
303.653246 44.542461
253.290110 41.676127
56.999776 351.312953
131.394630 177.370561
300.403052 288.091516
398.374414 336.691964
429.576157 76.860418
217.183418 223.735098
355.274770 47.161699
277.511529 298.905279
113.660497 37.312065
341.866090 127.436889
260.760979 53.136817
304.297598 70.870212
355.105058 311.743636
309.701830 7.695492
155.400574 15.507599
265.739421 28.839430
342.331226 276.376238
287.354696 151.449921
246.172501 107.761628
393.389343 261.945084
124.898955 334.880950
387.140572 108.085915
224.972427 188.068446
74.662234 220.592651
338.272163 35.779495
164.225975 263.079090
416.548458 248.834477
181.185333 28.353814
160.375331 336.165791
380.755035 310.993393
74.209540 257.548355
242.107425 177.321297
268.918757 326.717583
385.213680 121.175202
215.576769 221.118350
378.119571 138.332845
180.137424 373.051377
308.801387 155.472173
248.421153 101.622079
407.563216 13.303111
433.562305 28.145521
271.985096 136.457278
267.156857 4.703085
275.338646 236.997659
22.109201 301.640136
73.995814 264.574400
339.677987 238.151327
235.526897 267.160221
182.055484 228.012635
234.392444 118.932190
104.979118 341.366011
155.862911 122.619700
77.958816 270.068594
273.220447 192.044028
94.479143 276.404472
371.202692 3.235733
430.827142 366.020463
119.165721 282.914203
156.385639 331.939997
129.962476 381.629758
57.756022 49.306219
325.820310 10.626996
233.917921 229.781870
386.880491 222.584719
204.039143 254.116597
154.857763 306.158741
11.200727 133.888726
301.298616 67.407509
132.757205 133.638044
61.437298 245.919900
422.731661 223.139008
334.468354 8.556130
228.243069 250.010758
372.161103 321.481246
377.208910 133.470281
39.394575 137.446023
62.215636 273.951158
334.249089 332.832407
353.554336 344.648156
114.247533 7.369277
287.373219 28.171555
314.232809 98.501671
357.281902 32.818608
430.141284 119.603215
192.642858 398.684924
334.702134 301.123501
205.518893 360.914354
323.484247 310.886746
307.726326 94.541539
179.610835 106.047608
384.919780 130.444304
424.586708 336.713266
382.336772 341.441239
228.274219 315.369805
22.846475 116.181091
287.551159 286.513704
265.297661 229.143982
25.777873 309.960765
349.402614 319.760785
246.960259 276.514135
194.708441 57.573679
45.920978 39.008541
18.618122 146.461817
431.734119 315.854259
182.850579 106.378139
334.562862 220.461320
105.074767 170.313902
73.968002 249.072456
180.858901 351.595993
83.085104 54.526009
20.953056 229.337807
90.596587 272.746324
53.402932 216.072074
363.770687 172.394594
265.442426 391.864080
67.048263 71.243367
210.684949 339.505894
85.014099 72.851768
22.115521 396.051194
36.472484 82.697103
326.483333 315.889678
402.540474 175.774539
273.014575 316.415523
445.152546 381.193366
356.506089 42.529234
437.432090 241.015569
392.252587 79.318595
346.075337 211.722215
17.168731 93.211551
232.359407 146.273843
27.540743 246.454046
172.299221 73.784390
106.014893 215.381561
357.638743 163.872121
223.572398 72.259388
71.482288 313.617126
183.424155 275.354011
309.226386 104.773893
151.673428 333.601372
43.047004 303.105377
328.572878 332.759693
328.684700 3.338909
131.669815 288.509114
194.264529 225.724376
168.287716 143.687362
172.688796 293.854498
14.110628 6.505511
155.391547 280.652995
151.754491 344.653751
220.051437 270.661836
240.163442 335.076852
41.238660 87.251938
48.744044 214.348271
170.322148 137.195157
268.878236 121.344790
272.119692 147.261288
248.016896 62.197624
174.892649 18.450808
115.567316 124.341353
230.750933 116.377502
401.256898 199.714149
220.162804 334.447763
296.498434 354.827392
431.979551 382.505127
409.121782 97.584384
113.327205 258.082026
432.687182 154.192542
353.313288 343.488346
234.713910 121.499161
40.950803 186.793513
268.400486 183.971514
10.381214 290.726758
275.208661 295.084482
320.503807 184.433687
199.103209 113.451848
433.354323 120.979878
122.403510 254.039855
53.817206 5.136710
374.264213 141.007267
347.775088 5.247569
220.380344 384.385165
406.644746 291.774426
284.381628 135.123270
243.889470 0.281607
374.586192 151.228427
108.198177 32.680178
62.725567 292.095167
48.911901 322.067248
207.274576 190.048632
165.772893 173.342607
190.350077 145.553040
348.689966 73.118666
118.601073 247.318447
316.272847 175.770400
194.748144 250.709161
77.468733 148.440672
47.663435 70.530126
224.804330 76.774383
390.440479 207.227998
91.074711 215.707628
222.869736 374.806651
197.297390 335.315248
48.797686 215.737178
331.596194 299.766640
200.150224 155.386846
435.068350 127.783186
58.508901 96.969669
190.387001 297.177459
294.255870 51.921874
282.309199 373.959521
379.878238 12.046122
66.572491 163.422461
271.470503 48.667974
407.966275 34.827095
156.350200 202.504899
337.325633 295.036037
304.508680 24.336655
254.435631 355.247165
268.994497 258.238397
239.339613 27.447516
124.196651 242.768926
244.515631 154.855903
296.052235 88.814423
341.999386 118.831502
1.192099 209.432312
369.983535 189.574578
202.433318 263.796640
33.896886 4.412119
173.799810 91.918246
78.697259 102.068614
300.585805 218.336085
421.402399 364.550346
222.375636 193.166128
161.010961 232.190754
33.759835 356.930613
149.413122 165.641772
383.917729 360.234056
60.505531 325.745441
4.087007 258.070931
222.910746 187.467358
409.378236 328.905191
348.235762 87.509383
416.466713 227.595295
443.397723 164.909986
47.396592 84.012416
446.264535 193.807899
145.530401 159.507361
45.242279 299.546455
86.934619 364.565655
61.841338 282.104238
141.677400 197.387922
336.164400 146.724010
439.236201 393.619421
406.819181 97.758165
249.168467 66.160096
396.830052 64.605476
252.271421 22.903522
156.940248 217.554343
40.323800 19.646938
231.843711 41.995944
254.061593 367.285256
183.700597 5.275850
305.115849 295.180021
326.942923 381.966560
125.962728 227.178371
210.235632 26.904114
199.620518 241.816181
230.117360 251.088256
45.353893 366.998254
157.107073 309.849112
38.269246 125.531431
232.598373 116.322270
256.932011 50.047373
389.466662 58.840270
144.470038 318.153343
3.639124 366.891489
388.405083 199.319684
411.663814 74.424497
59.087590 342.334036
9.156342 391.676785
125.695610 236.553382
171.785717 2.264542
67.672552 197.849350
60.781320 45.912494
57.689936 262.003476
328.965258 194.747835
367.722892 16.568535
75.792523 306.613568
61.023842 69.083184
316.208355 12.281733
21.472573 390.704374
189.472797 239.377334
16.714146 101.917193
137.544577 54.844650
195.777810 33.472376
191.500602 133.878427
106.564070 19.839589
274.471146 76.940267
376.951094 281.804044
315.647705 36.423088
183.192788 18.838028
237.076278 214.226457
117.063938 83.198288
352.824978 248.354249
101.092373 275.121953
421.505900 310.815512
310.855526 43.398588
225.073269 94.606962
66.602932 218.209648
280.756123 371.698598
380.635546 125.886221
190.925783 346.335277
64.120881 337.460640
113.602888 376.658760
116.751741 219.123616
11.947642 92.466181
88.988571 249.696491
280.033288 372.868033
442.161603 97.837256
394.609192 85.940176
446.100177 138.372199
24.247873 252.448278
110.481587 145.801446
95.521123 243.128062
285.004656 242.892747
335.693775 315.798747
33.232327 76.193132
200.207053 204.394514
65.925347 95.377032
227.001398 99.991036
168.018115 115.962253
199.791603 397.745592
123.941621 32.726452
37.662779 265.178530
62.498712 102.976745
371.430214 202.312427
298.075667 317.987246
13.095972 48.008472
88.189829 316.843803
443.021686 147.085781
79.570197 343.382502
33.416983 34.869335
55.021400 395.267366
65.948983 48.502813
435.127545 212.128476
48.714549 173.714290
18.089616 250.829190
96.969856 286.557800
199.060735 278.914873
137.544881 59.393335
251.760588 391.285636
379.889360 178.196811
173.028050 162.170533
0.166271 84.011339
425.901104 373.211482
186.042582 193.482248
288.167257 290.740316
81.547690 286.248482
200.522992 124.374506
407.621979 91.202604
47.430350 188.346782
387.407978 103.012276
143.236751 293.393096
289.986768 273.433163
440.073110 96.676329
43.944371 109.378516
365.307834 336.677542
156.874538 35.870933
93.117120 328.389113
40.292742 355.659071
407.256382 229.348547
293.660347 355.061828
364.653137 155.794651
45.789307 71.900716
39.759188 384.602158
9.523740 280.441030
193.937709 143.178172
444.980865 216.351285
243.044550 177.550122
95.506690 27.505328
317.299384 311.782016
135.382354 152.194252
369.887803 359.380729
125.910371 244.976591
136.758174 306.340525
298.344882 339.933364
67.552555 5.147469
127.694247 95.294757
21.354371 224.815634
85.905674 192.593438
132.649548 125.284725
67.928898 27.545403
175.039456 211.674962
23.731156 132.927742
131.131726 249.707149
31.550948 157.147939
433.580408 298.596667
128.460061 336.213179
376.753006 122.465995
321.718377 329.573413
382.898938 339.958789
98.283765 315.764970
294.587682 209.037725
109.167157 108.805473
330.286572 334.588561
258.694679 383.525936
360.462778 353.693765
147.490002 235.080918
230.606030 351.603765
230.031448 167.595003
415.361525 116.579557
171.692791 213.982465
3.708052 196.650720
347.227395 222.950688
373.748960 43.347346
156.193799 265.939226
45.652218 23.852581
101.619656 152.500357
307.690965 366.258484
119.631709 44.557315
84.134284 128.812087
162.843285 6.300941
337.410461 362.328706
65.876909 171.738408
8.355197 22.932368
252.350530 4.763544
68.501185 177.259015
441.298280 0.168549
36.912041 249.490494
435.067664 117.530642
154.693625 253.997594
154.755079 372.096449
253.155019 23.474633
155.432714 95.667875
326.222846 24.324610
26.694155 398.819054
170.822614 13.926066
62.306347 29.133953
61.148272 328.002411
378.578090 188.409497
223.223838 64.934513
173.651526 276.620599
407.708530 184.231505
426.268925 268.290041
394.558088 122.480985
155.154645 341.434203
95.225158 221.545616
356.808627 162.307570
341.238428 350.457263
152.117553 168.634442
268.949010 378.671624
375.735078 115.079192
152.979814 250.437533
341.566521 52.012152
189.276727 110.177067
164.213723 80.042227
78.419739 356.043237
21.024348 94.419008
112.807527 94.317460
442.735399 270.090811
243.301599 17.761684
135.708494 224.578698
105.947514 8.766469
155.306916 216.299911
171.678642 2.611015
318.745115 310.351005
78.011592 258.509556
416.363201 281.170471
36.125595 100.328954
257.313755 153.144566
338.308111 172.818693
184.242148 95.803855
197.322500 310.451910
185.908628 192.282759
108.377528 312.097175
244.365820 316.749086
2.117521 34.826309
141.494969 271.948744
272.863575 60.533456
209.015348 196.397483
59.049594 174.696865
146.486579 44.384366
414.046330 68.144563
118.873195 312.704045
18.986153 44.689708
337.406318 300.434647
230.752688 142.608361
21.063981 286.512018
233.417728 357.120674
143.058443 29.563097
75.337739 312.338929
315.420571 243.147299
198.728906 121.536056
288.558531 136.208557
64.377267 167.764019
11.109929 377.394231
72.949478 232.785506
29.251077 198.087712
67.706410 303.676987
336.510989 124.612345
404.647103 47.878109
323.299092 344.747317
189.172859 158.433442
439.725671 106.084231
177.378541 356.560842
357.822017 101.908623
425.499992 380.776547
125.362028 52.984404
122.488345 321.429570
300.137580 322.044458
226.353120 15.006214
235.611770 335.125957
69.704716 157.472096
262.712273 4.599810
122.636428 133.728152
415.185840 291.922101
376.598127 208.646881
369.150854 149.698385
428.346265 102.821305
132.390635 257.248855
429.189637 302.430565
169.323686 20.608061
404.644956 15.802517
442.019300 371.894833
41.009599 265.187632
234.605268 98.429138
335.828476 328.171161
419.286703 356.994238
2.433299 352.402041
23.732019 145.819338
433.806934 82.793868
356.110416 131.341404
286.848593 190.488496
382.666889 73.252873
406.158474 227.088036
302.197457 295.691529
98.476957 1.964034
235.712034 233.030422
160.096550 171.297648
224.517503 191.702600
388.799847 96.914675
50.563059 189.627982
312.180523 238.261820
74.719038 269.221523
6.896596 232.075747
109.218789 80.166166
171.851877 190.659846
22.537232 296.231490
407.979569 233.432171
106.318116 345.403049
437.684343 9.559503
299.891608 247.335561
189.861911 52.560237
202.399619 160.357611
371.666777 136.456602
254.365439 106.604470
114.000050 310.086000
17.336375 197.734239
134.275073 9.913733
247.632287 316.312104
289.731447 59.054880
152.293798 1.650460
156.696127 170.491313
278.425782 357.441083
351.323317 214.217033
388.882163 126.672077
199.795362 53.904488
419.313296 354.276395
363.785238 389.767305
21.478305 76.324854
440.800369 161.602148
53.212794 175.494482
377.730310 322.946036
173.280667 336.152228
124.317393 46.606166
123.563296 380.726058
70.721463 147.227654
62.080566 256.065850
111.074499 203.642346
244.031048 115.398596
342.233655 18.699310
314.222800 348.980452
128.755119 344.259137
408.720866 108.085903
224.747027 20.701069
363.228955 79.149274
294.575726 30.424325
159.341028 84.142338
202.811970 320.696341
386.325502 331.294689
78.573363 251.119761
191.059945 350.668444
95.107279 60.474788
449.736683 66.160017
395.322693 345.336146
72.686366 302.000937
145.970322 331.741644
429.530717 198.007410
349.355947 22.572159
191.561469 243.202357
339.774936 86.530528
358.404940 10.506922
213.571550 264.037080
80.108393 383.787308
352.436951 51.415758
162.719104 151.088283
158.374248 40.881533
332.915933 16.071908
135.630944 266.019343
210.477294 37.227036
84.151794 390.397523
237.561040 256.347859
43.278487 161.365075
70.669584 172.172915
123.949757 154.282489
254.011894 24.800734
29.186317 30.601336
356.240884 80.473624
135.216743 78.044138
98.801391 48.875214
276.429791 138.213482
173.237538 91.816639
407.533352 367.156236
444.209559 293.390599
242.779674 220.428255
379.890694 198.129008
398.521749 137.805099
101.591751 135.611581
26.813812 186.440057
335.286117 225.568633
373.518062 193.831267
137.366121 188.791961
254.805469 280.466638
228.130913 174.453972
53.888573 271.326124
200.444804 156.292025
0.073570 299.107124
330.109638 91.269911
420.060211 312.860110
269.859202 376.540544
131.539507 341.768633
118.587942 51.155197
186.068570 181.732775
430.585739 359.563767
436.760206 203.362025
343.752776 313.695675
318.605683 227.303346
323.259912 159.406899
395.716719 231.902218
428.153178 18.184385
28.076610 252.078467
318.147368 180.278978
392.378045 353.599419
163.611961 289.976383
37.208803 282.975282
411.265427 122.689814
53.659679 51.753734
253.141741 225.107478
204.057153 123.171520
161.698647 105.925162
319.715400 5.976482
52.569651 167.223731
145.398266 185.477895
142.861033 280.339847
80.775482 349.807659
19.486031 312.645691
265.645355 223.536565
201.437366 184.722897
267.455500 66.300192
345.738296 376.474155
226.258358 199.313062
286.454428 301.846871
382.900985 370.537979
35.785327 216.879851
337.107564 237.187741
16.166581 321.529946
398.036038 81.505446
294.788076 2.843105
207.067840 301.494095
12.659037 320.381364
280.775855 266.477231
318.178758 249.225632
377.100762 117.778959
349.827242 263.521436
230.364278 339.925315
365.362152 348.171856
139.939641 236.034434
259.570740 271.488116
113.355460 280.189426
386.636110 171.639809
394.055342 211.670934
397.563757 225.830073
366.795326 159.145905
410.881368 385.018852
238.318716 375.703983
63.943998 94.908974
377.009563 355.314509
192.325210 53.159662
286.247440 9.526285
121.805518 120.295695
235.962188 370.209399
123.040837 175.425385
421.251793 114.559970
235.591216 28.056794
394.351192 231.534710
229.349225 375.486496
1.735581 328.802054
198.129159 361.579820
306.048458 227.936151
138.254324 258.150597
379.216427 124.878006
27.736898 376.934707
384.329552 112.690067
429.696511 274.903014
331.830449 199.424701
147.316612 44.712351
315.538457 4.305781
413.176981 280.463218
163.465929 108.322733
202.694202 161.297226
137.784048 32.443957
96.284329 45.080556
77.521233 132.764963
203.320055 311.257094
110.235216 65.131986
307.453033 11.668702
130.359473 312.596388
233.424990 65.603543
223.596080 26.055107
346.697434 305.570146
132.128294 337.981571
63.294043 384.876639
249.373898 335.205060
215.370839 344.619552
23.415677 219.809910
388.309318 368.628078
373.612126 399.105956
195.531939 360.266142
217.171632 47.654312
141.780415 136.380826
171.617454 288.491085
303.383103 8.718625
150.676851 245.179814
379.279690 269.996619
262.329098 280.127237
110.787131 310.493750
77.018382 220.392769
158.918839 176.830655
441.918260 62.391688
244.240484 44.274588
138.367589 350.280503
409.961651 244.863408
246.710285 142.014908
50.120146 372.708261
121.217505 135.653261
364.905326 323.396290
136.634924 65.036890
309.385393 80.264796
236.732840 283.415298
181.019178 346.073668
67.652806 302.851579
29.797782 365.624061
274.035801 373.077146
346.044527 151.437786
16.722921 233.002617
84.355890 239.507159
221.416124 258.485240
406.604704 93.564327
152.594312 91.200228
2.505425 229.936560
161.737514 286.579150
152.740557 276.040776
244.480774 34.101814
392.844327 119.644081
65.319164 239.281676
8.028080 335.940786
176.397055 93.604460
11.422640 249.163789
107.774279 99.826356
204.265800 40.260999
299.935020 95.891128
47.468239 354.399895
448.923381 315.787483
270.250992 229.713064
435.892563 41.163339
261.263478 360.243430
237.746968 234.035879
271.137161 268.686603
242.706248 323.471817
214.688261 147.201637
20.149822 229.381830
22.965003 286.931572
66.301526 115.323748
277.006954 360.784330
115.020917 361.375604
44.748352 120.485505
224.860033 108.955357
14.272404 23.379124
149.560618 369.168559
242.968919 247.666583
148.799197 193.866417
351.988051 145.037506
51.030796 377.404906
274.784107 352.425785
22.685431 110.251873
228.630395 36.480698
372.470775 147.835948
313.622044 173.947498
377.550582 37.894054
96.032018 275.666330
364.504916 341.436169
132.401978 26.702271
433.210118 366.624603
292.169584 83.725615
423.453495 207.014947
112.736015 225.955445
37.303571 98.768612
4.566917 227.717024
45.025309 258.108491
33.080971 214.998525
315.237939 314.705925
70.295608 185.143908
127.873247 369.474347
174.770821 198.387939
344.359476 177.517222
373.446513 324.927667
291.717486 129.581466
310.158017 22.929149
191.475073 152.496323
231.403821 270.246896
44.533879 116.354277
412.125971 178.838066
147.798965 50.848107
229.659389 209.201116
48.551680 140.524263
215.192234 76.337914
237.736015 70.408411
173.437361 277.094407
366.413329 52.285794
413.250312 176.001517
64.690249 43.565723
235.236737 332.297076
131.580664 156.639507
270.224082 227.688127
398.653558 106.972824
328.789754 372.792042
355.328254 46.190173
358.014058 170.911588
124.942723 188.755318
11.962826 319.302537
132.454550 12.112863
428.492357 285.370292
245.818570 20.175770
330.942994 141.248382
406.746316 209.185334
200.154526 219.653860
137.732106 56.446923
341.360116 168.416403
196.298259 208.747966
30.453536 162.288042
422.016545 339.619037
424.294221 367.082258
395.458149 368.984793
368.341543 58.950263
424.195403 90.784833
248.282509 30.332757
227.981055 335.636520
273.368800 8.374755
398.829411 334.144110
405.064162 278.557115
123.110622 17.979165
197.797167 201.771699
424.066488 164.859364
440.244936 263.678488
49.889130 121.426554
18.099196 393.945309
268.655095 387.721587
41.304691 273.725086
109.717860 336.063280
242.488946 277.081326
119.083234 250.586622
10.517507 326.875682
224.538464 104.854417
324.218434 79.308472
154.668954 285.438213
180.045936 206.263641
307.140913 148.730419
126.179831 270.601102
441.820237 197.980953
299.106554 118.985902
220.555011 193.846942
433.748768 13.816437
239.455665 161.207445
240.219903 378.584148
71.743461 215.425346
285.509736 188.555185
277.872592 93.023675
280.025576 257.654486
448.813938 280.768159
79.246861 312.884784
286.379682 385.167983
358.069166 194.198676
334.289397 135.018303
59.187576 236.074873
124.181972 23.470929
85.396884 191.485869
340.876119 137.715239
202.516725 309.867326
382.665495 52.422208
292.559437 307.962482
366.107438 282.412433
118.985334 388.013518
161.090315 217.716648
409.158234 242.168201
136.074619 94.337387
369.529295 203.426841
219.274155 258.427322
211.501551 139.165771
179.007236 288.551906
103.363975 211.843119
53.222625 322.370389
89.013150 216.906606
392.988421 272.343295
82.982623 123.509740
256.727886 200.515113
64.690948 54.015491
268.148307 16.523271
119.943826 307.454900
218.817866 241.659697
421.344766 303.533897
330.988746 24.765906
270.660737 351.120302
88.781281 352.886699
187.603132 307.412938
325.408334 255.879425
186.179527 239.385959
179.783594 286.983835
154.477300 222.207977
280.659806 132.770521
308.419585 51.526602
8.546441 80.026730
235.407517 83.684063
87.806156 184.948701
36.929329 107.763810
434.644483 195.405207
197.233842 185.939090
313.079143 63.249374
261.257878 276.585804
199.806321 217.625871
42.773236 213.132457
131.854937 254.160177
78.865269 212.060368
110.933620 98.975125
309.295155 332.153908
124.572194 253.214430
196.787031 310.788052
241.637363 354.801555
393.447408 329.407330
392.623449 19.824532
439.770529 376.253100
96.585073 138.058273
388.575639 347.341332
186.484292 392.445147
253.791519 332.497631
323.640881 250.924196
93.332913 352.245921
221.848195 313.430422
253.246384 188.424738
61.386450 286.279978
346.031820 361.598242
204.368065 368.065325
83.163404 24.289594
264.607969 325.456495
390.721679 8.225792
282.238075 111.407803
34.807067 2.115120
392.427991 299.774856
355.499740 208.120844
322.911260 150.710843
221.787913 212.853242
252.496550 186.241884
188.263524 173.377854
406.796334 156.428288
326.515896 2.364269
153.297307 193.633667
1.169745 275.465483
166.925934 199.265872
294.200201 20.241788
229.198020 116.549015
44.201830 355.688386
61.534723 101.417966
148.228311 65.086778
352.664418 249.659726
34.894388 106.648784
51.883708 319.541741
155.305519 195.428549
188.583544 154.337785
399.551825 326.682274
167.608730 399.927035
420.382888 333.515386
217.233838 176.988704
280.285096 134.759553
116.790712 1.330356
404.207113 274.626398
51.609139 217.594477
349.169737 40.686075
237.224539 29.186004
145.316163 158.885477
436.745446 382.855637
286.520228 84.863894
345.901652 16.942706
400.566585 286.753979
308.388794 391.527053
444.573055 123.851524
419.126903 369.644820
248.060218 309.403925
170.744968 53.932919
56.897991 30.699494
412.200960 99.142128
316.972185 223.572651
433.739064 268.847034
126.103665 332.703362
163.580803 224.492115
268.843245 398.590282
345.220803 245.370592
386.491239 7.341915
220.014601 120.355377
14.431501 0.209902
368.798027 78.613644
66.956502 300.385920
209.418412 217.996599
302.445602 2.867337
215.248540 117.528604
116.157365 139.406449
229.709123 152.199047
10.554725 82.907913
262.446936 40.575086
388.650147 260.457657
350.814803 217.241787
430.554891 298.712709
72.561551 37.327764
188.696014 234.581002
228.255338 33.304326
164.034206 198.127053
361.559763 342.170474
66.556355 322.357766
300.343324 195.775851
5.324890 351.487220
276.417397 353.054107
202.929655 78.862020
263.217117 346.746644
192.194007 93.042351
183.134922 354.340410
224.180202 352.578922
218.187700 27.260635
190.669585 118.865043
185.378062 265.851804
192.671377 24.736813
170.576939 343.653154
200.885747 343.784597
436.192742 125.704230
349.865313 32.282473
192.963715 392.142001
371.940245 221.955969
15.708714 281.201819
178.852149 371.611636
86.367801 296.565600
425.288265 17.658625
437.081075 196.997544
154.935153 262.329488
193.171388 294.683825
394.930942 92.749039
37.238182 321.884331
348.703388 273.642769
353.267848 64.641599
35.270448 124.820479
290.022620 9.047962
77.727160 9.232455
416.103902 7.358740
88.137728 338.486336
157.325956 379.856454
278.357462 136.766702
267.698542 97.244032
428.004296 193.958416
291.490578 339.689799
412.251177 49.368494
153.314001 43.031880
41.413341 296.904679
86.560350 373.160143
115.342307 362.799925
425.638334 47.535967
154.113439 386.290509
432.648448 375.523321
248.019087 94.933761
395.685425 164.392485
162.560602 183.142000
76.046077 94.598204
351.011829 360.720482
257.788588 46.937488
88.149656 116.677111
216.231455 1.832191
442.836549 181.228102
338.297150 9.066004
418.862161 14.526504
165.327207 314.990088
43.205326 268.368780
83.353051 57.538574
282.165428 226.081350
167.901962 380.696531
412.414107 83.466381
21.892736 267.740531
354.489398 314.053608
336.357540 232.156089
278.319410 368.290544
291.571529 349.061074
303.149105 112.901746
382.100185 6.946443
392.479924 275.634146
205.975748 386.131327
122.861622 298.024461
109.262543 333.837049
449.193827 356.138091
14.502997 268.327734
207.253491 275.049791
407.071554 268.092773
264.634156 316.674780
397.160583 202.587419
97.596870 53.857772
436.025739 30.754757
107.099911 25.072692
221.318710 3.168746
64.244325 181.660031
405.166691 210.296540
60.688869 264.733630
200.384020 48.195269
20.128533 311.330705
152.059116 95.606082
57.840223 107.222897
107.134569 142.852760
142.122188 42.316653
17.993150 9.659641
393.278556 206.833904
289.608888 228.069531
410.181683 332.038674
195.752081 49.084946
192.015876 231.842011
189.769811 276.634433
219.277530 308.841662
339.544667 246.409223
224.783259 161.988420
156.795457 54.442927
250.052827 78.098226
221.491454 183.888964
249.553523 218.716813
420.153194 101.978043
388.088947 276.387585
51.906783 264.271394
10.475156 94.176338
24.435760 259.397527
106.007859 110.301597
268.810177 304.574201
200.924734 126.222998
258.660558 273.781984
285.535274 170.090687
353.441069 252.480683
273.198253 260.478329
291.689120 105.808615
366.062608 12.669319
149.891437 111.445613
299.724768 154.821654
98.476137 389.726723
154.165801 368.548638
221.581990 336.445230
264.360792 232.740687
81.819640 349.054509
179.024454 145.779619
132.811237 140.846639
10.648015 276.608967
187.771510 22.898804
67.724334 171.454646
43.013970 209.590184
204.997554 172.352719
373.663518 366.882172
212.251903 149.099861
361.533711 352.965131
320.576450 69.685007
445.400202 81.059344
409.946782 22.722873
341.251302 142.791853
340.500126 120.548449
65.011310 40.084476
112.255410 245.931586
193.693545 95.470249
189.529886 292.266881
145.656927 49.750848
182.810687 310.415773
402.634895 386.386812
3.548346 210.719440
406.832426 295.636955
416.591301 88.884347
314.114989 338.329311
338.315296 280.162043
318.890086 76.160954
41.790585 332.773360
137.101630 237.420911
374.902042 69.881067
102.484832 277.843106
122.709348 23.127448
340.889013 330.350361
223.331746 77.025706
192.413495 172.096976
38.116618 245.328139
33.776937 212.427133
295.681805 154.748022
56.257789 66.359719
121.270373 125.468533
393.338128 296.817311
234.614937 242.888261
250.883716 91.208237
153.938626 174.662392
394.677198 301.928128
119.293969 198.878270
165.464369 364.140176
116.930500 89.699946
435.366723 185.348148
389.606542 148.584170
60.919695 113.169670
47.970089 251.808072
155.542300 132.837885
232.134181 381.495430
217.895321 59.251251
265.249379 307.831356
136.791138 398.803853
333.406638 146.985035
424.673791 37.687497
240.483185 311.907591
259.739999 0.137935
358.051074 323.916579
74.182685 256.337362
294.789632 26.084291
448.510468 147.058885
21.019767 25.969583
79.625539 370.169542
269.424871 287.832405
449.127521 165.548273
416.043047 298.213251
78.871128 299.596743
137.768046 193.382812
208.040135 27.150916
366.117842 37.837866
383.632914 105.228053
188.877696 148.837863
357.715502 110.610528
260.033005 377.520178
204.333246 247.884127
212.092349 165.428837
407.766111 244.468447
428.846653 378.400172
193.161030 139.934591
315.756370 59.834341
40.243624 21.852428
82.979032 69.855283
64.959942 72.668273
152.615982 14.942688
384.475792 297.452351
91.871743 123.015047
353.123277 304.817258
296.604373 337.507089
91.857698 313.180695
31.434630 19.402822
116.135219 208.551384
363.504158 190.566445
56.525618 67.606656
298.192114 57.651388
165.240021 212.478757
371.784622 297.017150
413.140623 137.285016
167.928609 378.783238
236.111245 197.058767
412.526778 166.718053
34.112732 29.048434
244.164424 107.979688
16.434543 324.761650
302.688737 35.198010
419.572607 228.275959
263.293384 286.137655
355.019666 236.026663
112.649049 126.724928
299.103755 77.168045
183.756704 43.489390
141.940763 131.913496
303.890728 392.414088
116.520336 362.028482
239.276671 287.124902
121.755598 174.517838
361.459000 36.815305
399.193419 172.265484
74.246805 14.263045
133.872913 1.826061
326.928412 165.169870
11.255708 155.269311
12.714449 348.214007
36.913301 268.311346
347.399706 397.209457
336.760530 252.650123
326.937771 304.989522
403.760035 395.471389
323.593392 341.463823
205.275838 329.788941
408.081976 163.359009
421.725663 393.964894
188.979323 67.090889
446.137654 298.273787
323.474110 159.440239
126.116675 127.072808
126.766408 233.789893
120.069133 179.484860
227.303136 207.823202
95.134653 69.440149
315.650029 71.150254
250.100531 390.773672
149.737320 209.012302
78.478209 29.569355
193.661877 22.366227
347.824975 350.540191
370.122808 270.249282
89.645462 63.365607
208.983369 118.653989
244.793771 310.135178
47.179480 40.464463
96.999743 333.045905
340.341990 158.061841
163.539274 4.073910
78.974840 249.004979
255.020619 294.712665
40.232046 248.889667
324.721322 392.234773
326.054996 316.721464
379.845900 328.924348
260.452653 246.883362
189.746415 327.102521
13.572738 370.668174
247.506384 35.372605
120.800902 311.792588
335.279955 133.521139
101.004913 168.515867
276.943095 206.759309
229.175447 179.326416
381.459378 33.565646
155.039866 226.692351
20.630243 206.663328
214.378943 326.125038
431.456552 169.133901
262.664086 84.708452
106.819811 240.497751
51.411816 69.676665
287.673426 113.122547
56.987255 164.259597
349.923926 107.927971
388.588401 138.010470
384.720384 351.546592
49.012237 221.042361
291.332006 370.682260
63.833425 43.003475
404.332272 144.443061
61.347111 98.572866
353.420153 340.017586
310.020692 371.352886
143.946285 93.515276
125.156641 184.593725
75.076532 10.020430
15.038230 264.479118
338.095524 196.862395
299.550066 344.846467
263.883351 299.975577
100.712028 192.933688
266.063606 72.015866
416.987418 6.699546
224.172361 235.443219
330.949171 233.524406
50.275805 298.176143
277.234385 158.489845
156.171399 331.289938
438.737601 144.759779
199.808597 251.642403
173.095919 376.104845
443.405003 273.680866
173.598657 286.780283
355.739691 192.873453
27.148437 385.583510
114.806695 360.994773
44.035878 276.438609
116.672713 238.484508
235.268524 7.191771
81.112243 180.863915
202.302158 304.333613
151.913343 317.831180
212.219402 63.542520
404.034245 92.049765
315.441175 150.955271
343.395531 176.615858
430.565590 58.549083
38.743703 13.701889
323.599541 33.317223
407.884697 16.092351
72.166321 132.764173
188.394386 128.398634
445.325258 161.428350
367.054564 32.056039
411.571891 301.128353
297.249419 374.206344
96.784099 311.421177
62.685863 98.928380
325.444100 390.213829
364.303670 134.911374
287.386343 224.244018
77.868951 127.517559
436.060085 143.864048
363.432429 318.964313
37.368962 275.681067
193.158489 101.970439
244.315805 369.537438
17.676198 74.537189
389.855361 265.830950
248.370284 141.662840
143.278899 123.065200
401.420961 250.751429
426.678778 391.315773
49.713218 293.384976
136.447491 64.868408
273.741223 372.215795
259.727372 211.503652
384.618015 22.198905
334.125554 87.274358
22.660509 137.926443
145.939640 273.366849
86.207752 305.497091
100.813642 111.011403
189.733497 134.119907
172.445199 254.633489
28.184294 260.832496
238.232365 285.645971
58.317849 42.746020
36.398291 174.289122
86.927837 263.254871
140.186388 322.329488
215.671212 32.053069
355.429822 363.576036
250.250919 237.505148
167.644884 140.065475
90.483679 185.947741
26.641651 14.432152
181.325900 128.356519
99.024274 178.638451
423.503041 147.204776
79.510876 257.149491
350.432521 106.121000
422.605487 338.157972
248.659787 66.705457
358.435086 60.880037
12.130593 25.665987
189.268959 394.124533
57.408808 62.082590
249.851498 270.339995
4.825982 98.031933
25.543966 15.493152
442.579959 347.884961
115.353580 131.223392
305.489280 274.069604
323.807306 337.239618
434.549451 375.664257
212.814469 153.587365
160.696153 329.100067
432.928367 157.390338
66.841947 188.984362
292.692473 295.465825
330.876760 351.741733
138.719980 14.847443
383.597702 379.186470
210.373910 92.711846
234.002511 293.515106
346.939416 320.685937
189.618711 19.262225
157.746111 256.792433
349.229914 139.694851
282.780036 208.062290
115.766846 305.233223
61.632375 360.284502
114.321980 319.565221
149.254359 193.782304
111.583727 211.289629
387.902221 286.775309
261.702342 116.680969
289.179869 218.714515
376.703931 189.301114
431.801983 129.716569
164.673204 144.478702
285.231549 32.571537
258.544297 136.894638
436.699363 94.388716
440.046432 98.123170
400.638539 161.708927
272.182446 284.772669
196.037761 317.016980
117.430970 366.499727
181.018937 342.464146
219.271428 217.676983
109.176834 253.374166
67.061975 276.100148
17.086180 59.935414
151.313862 161.844479
135.171243 198.289532
283.676577 1.979157
71.659392 159.468390
208.390396 59.902100
421.410489 85.405140
229.715706 250.551464
245.765268 23.870873
447.484523 19.894197
406.990738 260.740701
302.579237 399.314655
91.575189 92.620109
299.434118 212.639289
257.094412 76.256279
44.193643 233.384148
98.296494 105.926960
353.719018 4.914291
218.793258 274.033219
85.853013 205.855494
239.957331 55.876392
353.834741 133.771782
340.137205 298.674617
252.332877 141.027423
278.876226 286.869558
243.741970 196.695339
290.886913 121.195451
148.445884 115.528198
92.723481 47.589510
266.498522 169.477017
0.244446 51.912249
100.313243 235.263487
82.594851 330.359212
390.680261 189.457385
236.556129 43.424419
263.485669 358.790839
222.339836 58.327706
352.974067 75.682590
446.955027 109.460340
112.428422 30.658906
94.768713 202.451994
236.992376 160.773939
143.548330 148.248304
10.410367 326.251686
126.089581 122.296120
259.755302 228.768095
118.535727 71.072798
135.578270 279.090436
307.072793 331.048841
380.111516 297.103309
242.229124 395.458879
87.043729 394.632453
211.094090 51.884633
28.161365 318.275444
62.313965 142.935623
358.901833 233.871384
310.896147 250.255260
45.177468 131.289964
214.235945 189.798588
387.977488 211.239870
347.049762 369.194792
288.970941 297.423840
2.797299 190.398193
25.234475 191.840112
288.866851 342.364966
143.976306 142.025715
254.472909 112.155949
230.664275 21.755152
43.687948 278.527291
9.199977 243.569517
81.978911 328.502424
382.777762 129.644446
150.978449 350.930166
93.713126 32.458811
377.135546 237.446747
413.409532 154.673057
438.826400 271.382588
368.049227 91.870652
78.800581 45.663423
298.285716 256.032611
382.611569 46.785148
357.735061 2.822112
260.132391 262.313909
348.609546 71.673938
251.858955 260.855514
223.446976 198.513888
25.778462 318.766996
356.511735 126.869319
329.229755 146.209672
164.194455 192.175843
336.822826 383.324388
149.620448 62.999409
34.948701 118.061705
295.956690 261.409892
355.552595 197.748283
399.823782 389.604131
86.214365 4.290916
132.096842 268.114535
226.121955 161.511209
133.746163 108.232888
303.915013 355.222653
255.516910 109.070541
392.159223 284.503065
48.397102 231.200616
212.343409 316.159954
112.898591 254.772097
398.970437 41.005845
433.395325 333.534147
121.956198 371.397416
85.908263 231.274485
259.059181 229.029142
104.392419 376.339589
381.907277 324.986141
47.329888 287.483949
160.571736 70.374934
440.462921 320.274564
61.429363 127.381711
117.475043 224.929042
430.207977 315.978286
277.927428 112.253573
276.534205 98.118444
311.281750 11.004620
173.976816 336.313805
29.381331 144.026773
290.229803 304.261173
132.234938 331.201822
122.651895 364.800139
445.434130 187.938845
324.190018 54.778028
286.108416 332.583194
141.462933 193.344350
380.806468 279.386327
51.754423 388.081464
95.803699 64.690424
58.446661 367.137521
90.353578 242.300241
382.665673 55.086304
264.955406 316.014157
56.175458 36.380048
269.405739 2.000877
32.333640 250.213194
149.802735 386.275379
146.574303 154.941204
108.919021 1.767410
117.963193 317.677662
9.521960 253.853288
126.242094 0.777611
302.974173 299.492348
413.878282 357.579918
276.388527 321.755420
161.255033 278.524367
403.920766 396.720439
90.467184 339.514156
241.226473 216.289004
415.445203 166.691780
437.339421 56.580936
175.261820 333.696355
38.976871 297.134321
378.605754 201.688752
205.719612 159.578344
37.376169 383.359386
361.350926 22.235327
122.787742 394.296649
161.754021 133.184915
43.715993 297.501012
111.952236 116.645777
73.769041 76.683153
15.462127 197.311026
232.211259 333.001661
403.779032 279.274322
183.968251 3.899388
379.137682 148.458877
391.880068 114.050025
43.623249 111.951904
422.607808 372.825657
90.919441 296.040652
399.637500 6.634878
351.443822 14.497970
75.812529 205.483827
412.517150 22.885039
257.458425 314.437134
388.024374 111.690527
430.517413 138.804860
104.951305 325.851545
210.275807 227.095850
449.946786 5.006802
167.991483 118.097815
78.726796 143.344357
437.179293 64.338472
153.785448 286.250804
244.419532 319.171073
346.753107 337.300321
232.311547 231.266139
101.251402 250.944695
30.917807 298.295099
276.438993 275.697745
58.506385 59.390575
199.563009 182.662408
7.973246 316.754716
108.576492 84.530306
338.450659 302.423857
42.487197 339.847186
238.111867 85.462081
406.339628 133.440265
371.845843 11.622314
153.263358 86.447372
136.110052 223.681699
245.598002 324.998824
287.137277 103.296932
125.468848 48.828054
284.746105 380.257071
203.162560 358.356224
104.681462 294.520045
448.189240 148.054477
395.549390 132.084744
391.820523 24.464198
416.001792 81.883541
243.760815 78.231755
46.250394 160.329709
294.094747 44.806178
289.618667 374.159670
114.271353 363.224896
360.927434 95.445376
169.241010 385.466117
145.164631 295.064341
389.684419 112.020919
377.533182 177.945895
378.732703 98.252815
151.945438 397.305866
359.653805 268.001477
338.426673 344.082584
220.481279 292.323035
307.411529 191.623032
234.339624 129.824422
403.939370 274.666117
352.601314 106.926591
354.609743 111.958459
96.556366 109.192021
439.088640 189.137817
44.206568 26.476330
211.144195 0.436156
146.780685 38.195724
399.968980 158.804463
254.934410 206.780295
175.977065 219.132222
174.657859 110.791067
73.637005 104.134436
210.899087 338.631376
199.732702 317.804983
166.886535 10.657162
354.291191 152.928015
293.793549 345.050825
77.874162 205.374280
141.216089 105.609244
196.383850 287.442090
269.102753 275.523169
357.637320 142.615702
159.860726 248.204307
416.004196 117.800315
303.630330 102.176373
88.083995 335.735641
347.529881 341.958910
116.322150 201.225335
443.489161 330.958912
29.743965 361.611755
9.861846 131.601664
257.807791 333.817749
84.265099 83.125363
323.979155 104.579876
83.230713 229.862214
106.002243 26.399788
113.893166 313.278142
73.941178 248.331044
112.341808 336.678318
171.560720 240.901556
36.504219 156.809161
328.013746 379.581866
36.478709 175.696283
143.365899 222.812257
6.301546 142.303260
102.261287 138.181076
10.517349 324.524641
321.342961 321.015630
123.406351 36.030353
407.411935 153.235502
257.714870 145.623328
327.676730 144.706342
89.416891 248.611130
8.175485 138.105785
386.926217 105.710925
318.952981 215.785455
344.414599 201.029709
344.617523 32.623931
349.206510 190.050239
196.163076 189.172162
243.596427 22.348387
10.511199 232.646196
95.198065 216.775189
158.181531 361.770029
302.490140 268.258990
257.455955 277.537368
191.865394 383.717442
381.420171 247.833910
162.583143 119.895017
309.987830 280.401612
348.622781 269.411853
5.641579 282.683965
303.066742 82.427449
177.898814 129.222425
271.451057 158.140625
303.165398 356.298699
351.270840 230.224580
207.578037 323.610769
141.975768 254.877751
146.653930 144.527418
306.347470 295.046153
45.774187 246.016047
440.662627 103.792965
54.402718 352.434840
193.897433 341.464990
227.340330 363.486028
348.386575 340.589609
325.759737 305.685833
69.513585 102.071361
352.529809 238.671014
161.706073 216.868642
125.168702 364.781790
98.481007 62.474391
7.970193 271.139505
271.876526 114.470424
342.468144 321.857324
288.050404 145.006041
356.106597 74.290303
221.755588 129.931823
184.665012 13.199033
265.663235 90.653679
18.427363 96.611543
168.975925 25.219964
305.927979 28.043402
141.132536 57.362827
109.172000 181.152431
257.514367 350.186932
440.741617 83.868574
426.520997 34.126051
401.113074 51.056471
119.377367 244.808081
100.592769 11.254465
398.024955 315.933909
338.853380 318.888875
410.995555 90.926298
223.076469 263.298576
66.571153 143.433914
330.520721 232.675088
191.474726 147.302744
131.868083 50.555088
89.277891 172.015530
298.145418 160.030746
41.344587 69.753194
384.677924 117.222494
178.259113 311.920582
55.383120 199.196898
340.056681 295.677138
276.356445 242.468566
415.340910 208.593143
253.081900 131.101318
247.325110 127.217181
156.557830 104.395570
198.379360 99.466301
146.385800 138.785015
179.707031 343.166229
444.157045 308.853431
112.066737 227.236523
409.765771 118.502548
81.358093 253.750834
439.046653 361.860582
214.655943 64.386656
164.846442 332.571360
367.711732 249.841826
328.008105 295.313783
156.097152 22.071145
168.452897 211.413593
31.781636 3.511556
246.059390 17.920152
431.999528 280.955892
28.886464 350.940969
297.974320 3.913502
196.000047 153.587265
158.815476 232.628520
210.969444 189.722159
292.874797 219.302162
237.871197 89.962301
445.950438 301.339160
233.170759 267.510369
52.625032 194.583661
413.543009 148.750550
56.805517 249.182532
12.158540 43.184003
217.739048 124.610865
376.658833 315.557159
415.326124 387.707959
233.616787 130.971943
51.121395 130.922250
11.536808 354.783225
46.867602 181.145093
118.777493 82.951603
188.535864 242.009830
291.618477 250.435242
298.258132 243.939834
333.885562 101.908162
416.790417 263.596516
299.979223 356.273905
332.468191 127.002455
146.536425 389.066532
271.347884 216.793549
55.324835 128.450707
79.919295 358.740363
167.931714 25.168563
234.044358 118.682352
331.078897 171.580748
177.331452 53.079814
126.493851 161.917800
171.522162 64.874517
389.261956 200.611349
84.305366 284.694541
68.787475 54.307204
383.830957 263.905558
293.294040 82.598345
259.179326 23.934929
308.650776 305.416056
368.604635 389.428038
356.659700 337.402272
359.987384 51.526628
9.035980 193.527751
248.520421 384.631398
112.396856 359.079461
279.570073 252.642068
174.634668 164.330222
335.288789 265.489377
89.961542 385.458719
5.283150 127.916553
330.200295 245.645025
175.422191 329.560863
145.602640 38.722985
19.354279 344.329475
388.672621 196.215159
211.699072 290.048212
45.331965 39.411481
437.354979 288.999058
8.072116 193.828517
85.369289 179.230303
364.165870 76.247551
329.158994 289.083192
248.867367 367.854187
140.983707 233.925757
438.971143 33.780239
162.543136 322.213980
281.649302 115.398350
337.581270 114.132056
244.639021 398.250743
225.270840 246.225081
343.048757 195.969510
66.998578 128.974854
90.418991 19.538273
427.225730 162.521123
329.072076 190.560180
388.060605 252.974747
164.891910 211.856384
304.035846 160.418550
173.894599 308.024630
191.199216 31.308712
231.207372 135.380338
154.505013 236.226042
282.468681 356.556767
280.788239 51.492601
265.654425 359.042323
27.359266 335.271382
119.387638 398.248746
187.509391 106.959292
72.929699 337.283717
368.354788 256.816530
354.850218 104.540568
239.997208 251.629012
369.898395 117.623655
113.362148 380.107117
67.848984 33.667209
275.372612 344.437528
181.721272 35.036360
63.121054 200.499940
227.803252 79.341749
333.874998 344.084730
261.067265 228.911260
125.491368 385.271147
58.679396 244.089720
17.910136 369.464993
447.902702 267.299719
119.683190 13.667144
116.648235 272.792709
30.435654 295.149015
190.682516 312.035489
428.025880 116.414221
195.547028 185.690621
115.043507 298.870560
357.195209 337.673457
87.507555 123.980835
164.122617 318.955218
315.399759 332.218170
439.633631 331.053763
23.169785 146.293752
403.971886 360.433204
225.965093 218.064592
238.046496 308.850158
50.180504 74.431222
186.241046 358.455284
177.704980 33.421971
138.448398 357.538658
396.256431 294.959667
210.518898 258.775369
42.333883 49.391350
135.475154 338.594869
409.457499 313.059904
447.536118 390.694522
3.187208 15.470916
22.153663 165.886009
51.929521 203.963994
25.709288 85.338763
324.659957 275.463269
125.065033 16.005924
238.013376 214.054571
17.075273 296.993536
416.663083 361.278507
8.848825 197.513505
10.666441 151.887418
418.317666 280.017434
284.647025 100.049592
375.173094 119.285219
30.014326 0.694491
81.351962 162.154139
140.182176 259.411740
374.761466 369.746879
377.771693 141.201033
411.473849 36.426476
247.259056 340.399673
334.463500 336.046384
373.031032 117.821685
257.701079 339.580069
137.505731 274.509977
100.337128 192.105228
351.630534 3.903630
9.344662 5.093746
11.903520 233.291795
152.102420 342.555678
149.948159 158.850441
224.275376 174.445514
343.978239 82.017868
83.600385 152.596031
316.686955 362.365033
302.749989 150.282148
216.072056 20.484033
309.536410 336.391046
139.846402 43.097233
377.095304 36.243844
394.065757 367.274808
436.155602 370.845955
8.958590 237.360134
125.741765 126.078428
225.157089 146.844826
23.620730 83.213627
192.857700 8.325915
375.364405 177.387617
172.896815 201.580509
409.061049 390.264004
412.999325 26.353569
139.991383 209.038664
126.938494 4.677061
233.291680 74.014836
413.260671 330.747621
84.672816 174.238292
25.838735 19.222085
298.773387 341.609147
253.042865 347.942891
310.696221 63.449785
0.599215 152.001514
325.626221 311.022927
182.629596 4.993317
363.011895 36.368304
47.352077 218.983906
70.329662 293.886085
161.359258 235.596184
73.200757 386.781785
271.644422 246.931782
205.269612 236.774108
295.239387 345.225786
236.001793 161.901698
317.074442 151.236103
253.327238 196.349700
55.578223 313.949688
171.455578 270.127332
33.819811 52.949716
366.604165 103.284979
349.474218 189.497111
87.682135 332.130912
139.776685 201.545229
191.991422 266.513355
101.209482 24.678626
420.384689 360.413052
294.937915 241.360024
155.155165 349.201092
250.588731 84.267362
316.748413 80.513977
448.222004 237.534394
270.630701 302.387594
256.832683 166.133325
228.143674 365.088674
51.012613 105.764151
425.347370 100.660911
233.916722 211.868876
90.229801 393.123279
25.814454 56.463608
206.848887 230.441149
252.441263 160.275047
160.560858 307.852550
87.540767 220.153862
141.709900 282.929610
447.703843 96.428732
312.408679 46.814683
16.165683 308.112419
51.104046 271.741075
396.278636 226.691285
0.485169 48.204057
186.279613 134.623197
238.587453 390.515583
219.821950 42.236257
297.871187 63.151838
217.064357 45.017374
232.872532 212.133661
146.738650 210.217246
361.409311 94.477920
326.703358 2.971028
375.822129 215.580711
73.133524 182.342424
257.755836 357.639143
46.204615 276.417735
171.987738 220.362972
45.529431 189.458065
249.414462 141.210223
135.249769 171.443500
282.272542 226.323420
244.926277 289.715105
46.984997 334.965572
187.166634 186.328674
29.284108 291.562208
321.785673 134.936286
308.428900 190.679447
393.153774 342.655358
234.671316 285.165252
418.930684 238.224995
278.428488 397.859585
29.295540 62.342977
223.216131 349.792968
191.719968 211.120466
339.375065 112.634697
282.776009 147.896293
104.629201 313.758317
153.033928 258.870172
34.851062 259.373611
103.807287 34.732795
173.338538 0.718718
89.437572 157.580536
63.075840 325.015401
150.572800 290.709482
398.555574 243.144371
143.368692 264.539327
126.531719 327.639076
258.685071 239.984063
238.664905 347.600450
135.857973 57.732989
358.130848 315.706698
92.782417 128.074835
172.962420 381.676731
45.921364 44.762488
363.522695 67.494695
431.258233 6.327205
383.993591 293.579980
223.570184 39.178891
89.568999 121.041272
383.249339 374.794918
425.451518 56.590078
348.115011 283.553182
88.122871 116.524242
25.811239 8.434745
183.113326 31.699903
427.795477 274.292496
38.234367 4.451765
23.421980 313.970524
115.425615 7.380470
49.012723 228.292710
130.014808 363.452741
169.000916 398.572214
3.596263 126.575522
174.155031 198.763233
240.356303 16.342173
295.763661 177.649524
174.999876 20.373982
28.698135 337.383134
448.126201 6.279289
378.018172 223.485855
142.616346 224.824337
250.464871 233.853834
429.055351 296.250375
315.054536 374.737875
246.901136 193.233231
79.784378 343.152876
191.688547 141.701099
416.659644 309.893697
431.284263 395.210101
333.197015 215.313465
420.079691 203.885217
336.188821 111.567431
353.035807 198.045252
164.865321 214.618056
321.371973 354.443090
365.644145 161.015643
213.648655 215.950283
310.952710 295.287132
102.188541 251.380135
164.178048 347.063350
330.433616 131.359627
181.399804 32.444345
103.613332 337.135407
264.125202 313.134776
63.199530 172.883794
65.166070 352.122307
134.572279 50.035283
160.879939 274.784497
340.923357 43.428346
337.744217 148.496039
194.538153 313.540348
81.714443 377.460081
418.034824 54.482408
96.551101 30.543271
158.355456 160.134015
193.937627 141.954128
250.907041 39.678893
93.553838 52.754190
269.637856 269.727352
121.052451 69.824143
376.167313 172.469332
328.577138 396.400598
342.947523 283.576870
86.009157 138.576855
293.849018 373.725586
6.660864 310.341063
340.035507 379.347814
111.053124 284.313958
72.787258 209.284523
275.608131 262.985314
443.443805 53.367515
166.294373 364.026753
222.349969 209.720993
428.319639 105.035131
141.125945 358.900841
52.241294 61.714959
48.737201 112.126497
123.793841 224.960903
132.637273 341.903502
418.679665 88.119987
261.696941 35.981710
387.683629 221.116297
339.308606 319.762710
283.344659 243.269858
266.071060 183.378839
54.169346 65.950123
26.686672 287.017804
346.760033 40.777445
164.833725 142.594073
200.908671 286.250863
245.543007 303.392840
363.897108 61.057155
211.048478 170.458315
104.506060 74.082567
343.916865 365.108621
428.162217 153.226821
93.581820 70.791878
223.980720 172.407077
51.467330 99.043277
247.893158 213.599813
418.562292 334.621954
440.084280 263.543913
205.368999 121.574101
107.899696 373.499854
238.553518 283.542165
329.818575 142.917236
11.237292 280.153648
160.152534 207.686078
202.403697 221.274939
188.885542 266.042439
197.178133 153.673592
441.063092 86.560768
30.172868 369.238709
219.353024 236.684083
393.065119 218.180105
172.145887 183.037413
348.521747 359.996364
66.248594 124.550528
135.820725 301.271873
310.917738 172.814373
102.570071 351.281039
427.982734 271.828188
243.402614 326.870380
124.285022 362.983504
296.722712 105.446339
266.187876 328.559007
102.625613 381.051492
373.971068 161.540079
229.617810 388.022188
325.026142 146.101643
371.600125 340.704510
248.289797 139.219467
294.287293 121.363155
169.368653 292.395423
326.117900 56.480579
77.726114 393.592239
342.848598 5.682866
350.911138 56.439091
193.283253 365.895411
4.700999 230.829278
391.129888 106.692376
426.116613 392.810745
416.471691 301.958326
240.276521 24.439354
396.251761 225.195412
66.694952 392.933323
34.148421 162.237058
358.014860 182.885933
184.360565 264.898277
163.502399 253.175778
365.954018 390.375671
274.386266 8.871222
335.965708 378.354330
226.373416 318.227934
63.991561 5.486953
246.612304 278.211498
338.235122 282.392578
193.561445 121.957324
153.829410 143.011537
444.270086 397.630520
198.174965 245.901896
82.308078 46.098240
419.768837 359.855442
101.717352 12.030569
222.489622 296.068249
21.444235 367.341625
349.529999 222.836387
12.555786 377.869724
63.509557 4.557297
218.795128 301.976488
133.686648 19.097860
199.942228 248.020848
97.198465 101.869514
136.045450 58.562017
283.288002 196.844892
418.617911 365.541317
59.538325 276.117102
337.653482 392.956361
19.750438 262.767653
377.938921 239.512714
326.452261 251.682673
34.512819 6.178121
265.134173 186.709447
28.890716 14.462912
312.940966 398.950565
407.422133 305.592998
114.197879 65.551563
140.755932 31.070492
226.972988 75.563901
2.793731 137.097488
222.163058 217.353835
299.151093 384.371294
144.378416 149.371448
96.671679 231.913639
194.103445 219.206615
231.270075 272.134127
178.060749 148.450210
228.007635 332.737105
351.584468 115.696545
125.807253 304.449719
97.222834 65.930299
101.843890 302.455627
193.194300 236.981042
157.912955 349.362690
156.071771 42.886685
446.079923 235.795372
239.421043 43.965831
150.441228 325.082407
67.514847 241.811670
144.838893 228.687416
393.081659 65.280496
415.458059 358.754012
426.017588 113.429731
15.171456 254.809345
203.245058 390.834071
391.765818 7.206545
360.456102 253.960776
358.605403 205.339122
376.449763 392.143974
409.240330 268.641658
292.894029 106.620700
420.867293 370.308597
198.656449 239.052141
167.993662 150.642989
288.807287 252.516173
44.226457 323.618527
288.650929 316.582870
9.337985 305.345104
377.058897 292.339355
165.983356 117.561413
286.498872 165.807864
374.362268 5.893845
290.093726 271.339844
9.861944 133.066760
59.665974 183.134064
375.982882 217.152207
86.783795 111.332032
402.140086 194.149386
302.326128 217.988694
152.981123 269.990934
154.827655 256.349125
67.202524 375.843018
442.798736 16.311377
163.479441 310.183579
62.346969 236.009409
236.404498 178.138187
414.566459 238.639807
21.635007 17.382863
173.000477 150.240544
329.424507 255.725055
417.369548 115.544424
399.534374 65.970262
407.460276 75.434074
248.038925 391.302712
252.767006 226.733367
346.155739 212.888324
15.822434 380.125014
406.247495 357.016703
427.195012 103.607874
154.724309 312.403694
189.998090 87.028057
315.622917 66.104339
242.577024 392.928790
398.443808 173.407273
63.032832 82.501790
233.535473 116.178559
239.671388 184.021781
60.837802 89.726583
39.011194 9.905513
92.201768 253.430455
231.373452 216.546009
324.873878 271.342373
57.674800 35.871493
103.700328 36.810461
307.589680 53.117643
391.753173 218.290513
9.742623 350.451503
43.217929 56.655572
236.473593 10.379942
62.648469 340.279012
303.019729 180.073419
105.692327 196.397998
68.794598 160.720782
38.453510 78.350379
39.171993 12.171991
196.477075 80.172674
294.905881 162.786935
405.018105 390.475252
357.253400 7.020293
438.818857 158.686001
265.073312 77.473172
103.055981 10.551582
157.998835 32.376969
179.687424 50.259663
353.432623 126.307089
48.642258 293.716030
95.976450 245.513951
397.092013 378.184555
166.294539 366.509278
361.609668 287.729193
297.619215 298.802838
426.711587 81.453104
205.115509 334.534891
143.897118 158.985477
77.526213 207.168690
319.694914 99.934138
442.193657 176.704616
308.794690 55.426130
390.336088 247.667395
164.151011 343.153824
209.607802 247.407528
200.605341 154.642188
305.151042 20.946116
46.550299 240.785235
87.130495 90.867035
2.545442 27.767864
331.292265 159.204597
170.624919 260.451532
235.001756 21.791667
284.118113 198.337441
