64
175.208325 726.312360
131.836759 780.400483
190.922842 840.197403
197.758526 727.549301
921.099686 922.423057
164.322730 772.126981
138.168845 203.784471
5.596388 58.487542
0.110582 858.543561
541.625934 107.072299
564.128125 301.402743
675.895704 779.101686
362.044153 876.086832
391.384860 5.345672
844.707721 2.671996
908.231177 641.397293
964.311688 186.535591
103.675934 481.416066
159.828008 229.326444
289.549672 461.332497
615.276005 943.822852
830.670943 86.537979
443.815034 199.270116
132.843949 708.258040
692.880188 237.311418
492.999185 837.296254
438.147557 945.993391
310.919856 630.017541
704.814556 818.241302
181.567840 610.692976
916.845302 418.983876
861.995584 559.776952
171.237058 981.227424
489.322776 47.891813
917.699192 770.314582
677.180530 373.165818
797.897065 255.978680
233.680390 466.313559
331.991381 779.143265
60.860665 885.190135
390.603655 875.625117
631.336254 868.419231
522.012969 471.966466
340.388839 915.214147
4.175003 169.278014
55.582381 173.075441
878.942797 391.595394
543.780262 314.869645
14.126848 429.926011
766.474371 134.756785
857.284636 382.872287
934.533698 707.862087
38.094927 261.439919
20.720781 254.171350
857.874277 292.981057
132.618830 924.670259
933.042467 644.744129
214.571980 311.274478
590.149919 649.686043
273.332319 896.283484
836.508026 190.397527
11.238936 892.803068
341.159795 872.676315
70.829439 430.389266
