512
17.994915 95.497882
32.580579 12.921104
64.336911 32.799555
61.493544 61.618204
16.977290 19.506986
53.367303 4.304677
48.225760 17.521309
79.838209 94.724956
41.906149 30.962361
83.550185 12.086734
41.320097 81.693570
23.593919 48.488427
44.539942 44.240245
45.338368 98.943608
44.764707 60.039014
74.951626 36.335455
89.092117 96.179808
93.089226 54.169756
30.783842 10.131367
77.108996 61.513857
62.752352 32.096270
41.588592 39.872770
41.221687 11.004003
43.831034 9.283179
22.159401 95.006935
80.746681 17.651533
68.619175 31.792557
37.122279 16.305149
40.231770 5.420943
9.697745 36.359946
1.597531 20.916967
50.951451 90.938165
96.755366 93.368944
51.323563 8.205772
14.269925 57.203961
26.702870 28.428586
98.252125 3.499506
16.037634 67.191487
86.446076 74.952162
20.771425 31.660032
10.048626 93.180987
91.918522 79.396163
11.197829 2.935066
29.356651 81.046884
54.437882 79.279306
46.816160 87.076990
2.942344 51.495787
88.799280 24.741702
33.443444 61.584187
44.980503 23.544464
11.683600 49.762709
61.231600 14.647798
84.688136 30.817140
43.235281 95.321752
71.957275 1.932081
71.768632 99.391172
66.756422 8.275351
82.989535 94.046976
47.058048 93.545548
19.828241 19.432893
8.554604 29.526536
51.965549 7.055771
85.485658 70.149514
2.847866 47.564367
14.173686 23.374245
50.425595 63.609280
80.352641 28.124237
83.204998 51.928397
59.966008 28.988273
5.842771 91.364079
55.522932 99.912708
32.553302 49.848922
10.722063 25.974854
58.785228 83.161553
95.258077 74.245884
50.060101 58.704856
51.982210 89.899974
48.370276 70.933110
72.051540 2.247719
76.640685 11.099775
53.376933 67.786574
88.064753 54.854512
39.392448 56.440363
92.257087 27.132618
17.739713 62.989693
67.085985 3.189425
4.615202 51.217230
7.898026 82.950036
40.842284 69.967844
49.053873 76.201373
16.306630 33.861514
10.366737 93.681787
9.695360 95.878834
35.202693 27.948446
29.228513 5.679374
52.704956 59.796036
91.060649 15.476223
8.790310 31.058352
96.752415 43.272354
77.675478 78.538402
93.970428 14.117286
68.528701 95.840197
85.329978 27.205746
46.502986 70.393474
3.090445 65.771696
24.652734 23.734112
98.220463 65.973508
16.589484 35.815681
53.607096 75.212562
96.546150 41.555958
30.675157 65.013160
75.421885 19.811251
67.017446 39.612584
68.014190 61.105737
4.087938 99.971743
24.831782 63.401233
83.674956 30.289661
77.546231 84.342995
52.185135 34.910412
38.897045 46.096387
41.564540 31.535084
10.055245 5.560606
56.529711 91.778094
14.276038 60.973791
85.640531 99.395570
40.930306 64.300354
95.090643 31.757875
54.054224 65.997149
13.947632 85.705470
51.309102 62.705091
83.615871 27.215218
6.112625 72.618546
98.905115 89.160244
16.052868 25.814642
66.015416 28.384629
59.851105 78.297040
37.974675 87.228256
44.849354 97.056674
31.211326 67.435926
94.653708 14.005702
92.898977 24.355515
42.716352 85.588761
89.402179 60.016548
97.138074 90.516257
6.671096 53.645055
12.322314 93.058009
25.690331 38.774282
78.557651 54.994875
97.867493 73.692754
53.572079 80.742684
41.863176 1.416393
5.266263 4.130873
27.304243 37.784062
36.368450 18.725531
19.796392 78.755217
38.541841 15.887482
20.702525 61.949665
87.144691 35.178491
44.441130 66.733910
95.856145 27.502728
37.961911 70.541918
97.043160 79.182657
22.689877 0.763867
37.922639 3.829957
69.380024 48.556039
80.532328 78.619922
64.386330 71.768339
10.362059 14.265270
55.831711 41.992924
74.323863 78.960253
84.122601 29.845261
9.202893 35.377090
81.929898 4.845310
34.775548 76.401746
83.311031 52.023067
51.171366 24.393355
78.323537 80.484381
0.974297 40.411581
96.473283 4.517685
28.442464 61.105417
97.749493 70.435712
12.885460 53.460338
7.814645 67.410281
63.943065 46.553072
17.313750 31.505108
6.294968 68.216033
6.792303 11.350931
74.339365 42.127398
34.823339 87.727794
40.626501 6.672141
38.282493 12.996754
36.072447 93.555487
86.192958 77.830118
89.882589 15.832125
89.626330 65.385897
40.367417 8.255747
53.804363 24.165274
45.298331 19.236742
11.811573 22.335423
90.541822 7.470512
56.321159 51.237427
46.965132 16.126736
41.639649 6.654905
48.491790 33.845086
34.015897 79.977432
79.900771 56.819614
66.580021 13.542546
9.481318 62.127675
79.030052 74.835113
53.199862 61.694577
0.750282 37.370577
86.410994 79.361548
29.239302 88.838328
5.727829 40.030302
88.394953 60.579932
66.255651 6.802697
32.596382 81.198867
9.271550 0.957482
91.467937 29.919284
52.875071 47.792817
53.337716 2.011429
6.024126 70.184961
97.651483 6.534738
29.041236 26.311561
18.227291 40.478703
25.297617 71.761102
87.951075 24.961074
20.557381 97.887741
98.275477 99.933284
77.918068 96.939825
66.965250 53.489143
91.101608 10.831914
51.452763 1.603672
52.391612 40.228503
20.250568 89.190903
31.195887 5.323776
75.933873 11.720601
87.252775 70.084068
2.905091 19.051583
98.959475 12.018314
90.892496 60.789252
84.113558 76.334941
60.736814 14.784896
88.847412 41.867089
59.564918 19.777007
91.241908 92.670785
17.702009 22.894430
85.817909 10.703060
85.458975 17.171001
92.075532 44.923702
32.329760 54.823685
21.452363 91.789710
9.552531 71.099022
60.655064 26.936400
19.880180 1.203308
23.762599 12.120155
3.409382 80.286393
72.677387 27.106705
81.562287 64.002198
84.097195 98.537964
27.284574 3.873583
3.279115 68.775144
3.809390 71.124474
88.147919 66.745614
92.604004 16.653927
2.532622 95.742801
48.766435 96.435095
83.796725 97.535880
84.681391 16.300140
55.883849 27.126330
12.101548 45.160819
17.708504 33.157799
82.289363 7.405869
69.731469 14.948729
42.861069 42.408163
53.452937 58.096595
29.177375 37.508841
10.979273 92.570796
36.987717 31.874052
7.122883 23.530757
80.624311 40.198945
23.438792 14.934737
8.042894 42.334922
22.799126 55.472506
26.151285 64.294380
94.687872 94.012450
66.567787 5.859664
82.535889 92.616311
2.309250 3.592972
86.210265 71.645325
42.541912 24.156375
95.227384 53.182654
40.451936 43.124287
88.990205 66.044270
5.986957 39.179244
84.690684 74.069570
86.385593 48.134863
2.611809 40.069640
49.932442 91.462682
13.155618 39.862207
63.476057 18.278224
2.092479 23.530838
81.969382 75.158967
95.791886 36.597639
95.551384 53.649668
89.075048 6.387355
51.748778 26.981115
70.888918 64.694641
22.596032 7.578051
63.666335 48.569874
13.726995 39.998098
47.557667 75.457758
18.351426 47.899240
42.109132 76.958138
35.078407 17.960076
54.444191 86.376125
23.300423 65.866439
17.069895 91.649259
48.606896 87.974442
85.588821 21.531296
75.727273 4.323043
56.804845 62.655445
49.567092 89.007911
55.399598 6.103791
85.557714 93.428247
48.061078 21.755160
38.577112 14.669689
52.933552 40.621760
29.614048 50.808592
39.605322 70.344633
81.419546 40.709397
2.807515 62.537136
61.026056 25.172626
75.559706 59.576344
98.611366 2.251753
44.768722 28.188690
66.633462 20.799533
76.968330 73.453022
24.686948 4.574367
80.575965 19.444471
3.185680 82.554015
84.475977 29.040613
84.719764 67.752247
11.891457 78.495732
76.992144 77.745257
63.889525 37.626722
91.386629 49.564537
30.865665 99.225038
74.461700 18.984399
70.078300 3.020595
66.463598 37.055601
92.548999 82.849897
57.630003 71.164569
62.274530 20.226538
46.956197 64.447787
73.217572 97.708104
79.298865 38.400419
94.890372 31.792888
42.631957 52.826298
51.066937 51.529754
59.972443 38.237344
54.489855 61.617132
98.148899 51.056468
5.999396 50.351122
50.786607 92.433568
30.672919 27.011442
80.486618 2.608801
45.652684 35.014606
89.571307 31.267246
8.523904 8.343563
29.954507 30.713773
6.320105 94.955078
9.889752 96.027873
40.048964 1.961086
59.377208 33.062582
81.987730 86.637507
16.408929 70.573550
29.360349 43.824540
58.457315 16.250229
17.416326 72.918444
39.890425 10.475829
66.577161 65.001839
85.048392 46.798357
39.580319 45.875235
24.821072 81.575892
45.550791 5.202297
34.654581 22.776540
5.258691 75.568670
81.815355 60.277429
81.921241 57.870009
21.022038 86.253585
63.360099 49.688085
7.572114 50.023155
38.772612 33.630972
35.387369 63.147361
17.511626 90.800368
80.962310 78.330098
93.016563 20.577434
44.478387 99.246986
43.653160 89.552950
16.272808 59.688543
84.482536 40.384803
46.906076 13.550051
35.351337 51.428948
65.658676 72.091217
36.717928 51.733278
80.389680 56.920570
63.379380 77.011109
25.458732 6.973850
9.401735 11.077985
86.813630 14.835761
44.182280 72.311313
35.873971 24.067164
95.858492 67.344426
57.185830 30.555617
47.767477 37.358151
77.664419 90.791630
34.570659 98.043149
11.094137 42.581917
73.528361 73.907377
60.666962 28.913860
54.688528 34.434792
45.096691 96.046222
48.364614 74.810425
38.430946 33.241052
81.535967 17.166602
18.894675 70.514690
39.984309 4.327668
34.760579 22.274841
72.516387 93.848201
6.647469 52.534239
42.529508 13.569126
55.745508 78.536223
57.717816 61.960343
66.804103 17.737940
21.349121 39.068835
29.618728 30.269719
42.736709 31.180879
56.461070 26.470843
94.500117 6.525562
74.361716 21.581085
13.162468 56.169098
33.692716 93.410832
55.300525 24.169297
13.235764 0.496069
37.056086 92.555136
73.432098 39.673037
83.891076 99.299396
24.699342 14.993348
92.276021 48.576474
24.551742 9.222355
0.115799 65.887694
73.722102 62.989929
71.025122 77.000917
53.863548 28.944299
66.172891 1.800365
58.150339 4.789900
3.803673 74.069669
88.038263 5.145074
72.520881 70.142779
88.791664 95.457125
47.426090 41.706315
57.460189 88.272928
3.075676 15.043000
27.428625 49.390143
0.124974 21.648877
52.153372 95.672787
71.807770 63.836617
2.009546 15.600662
0.319660 26.798966
10.119800 1.486311
79.616421 29.484532
46.063183 3.951893
19.276479 52.299623
98.762739 72.080014
48.312455 89.318572
76.466872 60.316729
42.835782 13.114591
16.760778 43.842489
60.098746 82.448861
17.829771 91.873275
13.997338 29.561821
45.072825 90.875868
50.207605 62.840921
66.680929 26.636948
86.307483 22.089640
59.973932 63.514169
81.808278 40.126225
1.456661 29.403138
77.758639 90.348109
79.868916 16.035499
8.542478 23.671111
39.952917 71.387140
3.622601 0.057309
62.558577 42.433001
70.727590 25.870806
10.525276 85.165479
75.450925 12.818512
40.329305 61.234148
61.703205 20.968766
21.829019 86.185404
17.897979 49.823739
86.707613 15.007187
25.538871 67.487186
56.556646 49.032935
95.573338 26.362504
73.852219 71.964652
9.809953 41.298224
98.255237 56.339238
92.640516 36.524287
63.048101 52.955550
23.688454 53.386404
