256
177.493624 135.346498
768.590839 706.239005
758.956166 776.279811
934.786461 956.046626
275.650190 852.748672
146.929357 441.707625
780.049910 298.840745
616.393821 730.943995
975.730732 106.413934
498.995954 625.005654
470.032667 839.034752
657.075418 466.558147
442.776182 739.289887
245.132961 949.682663
316.519922 750.325573
721.913680 203.224882
600.585838 46.173594
39.586233 325.810096
890.289831 101.188342
672.466248 140.224349
750.630601 848.506426
847.507969 66.441794
687.238862 423.547937
570.181635 42.739584
324.190483 669.441868
309.474324 334.971636
868.282191 218.790759
216.293813 250.120062
767.890395 933.876976
670.333520 295.476620
75.548264 739.669141
619.248967 717.395772
270.733767 222.419439
203.518885 541.897118
664.860180 305.044544
883.652209 542.673040
705.782750 90.671739
919.919349 84.494445
98.137899 403.666510
423.025223 784.917788
113.255329 482.314792
264.705026 897.367179
50.175441 298.644490
317.947017 735.517694
845.875669 632.364401
148.486883 619.050122
375.395223 267.516448
148.946361 341.485197
341.711848 151.032731
407.117867 429.984533
750.045502 14.743889
800.546174 779.551635
924.328235 184.644683
323.193066 905.867628
917.227892 849.175817
97.960738 426.124325
871.526155 740.088687
670.565053 186.841332
242.266504 773.128378
968.642890 981.043951
405.686329 370.136677
887.122415 866.435951
189.036711 139.997432
936.840861 484.344261
374.002330 857.155498
212.447912 612.050259
728.700316 266.209652
185.626302 821.249903
747.113516 736.862921
455.121636 229.330727
361.536616 345.907838
673.029555 607.736284
223.720660 73.133825
160.194974 396.935871
301.184835 13.514904
144.988939 829.101699
712.252726 831.568886
178.266697 128.371688
542.954598 437.934311
361.970199 633.141998
217.560903 546.101268
324.006299 573.862382
905.054482 250.673190
64.302246 727.842649
851.407091 598.979514
48.698036 467.883609
719.816253 951.762901
279.071482 354.390625
243.227820 929.963340
893.863523 164.236600
324.530417 382.722733
420.969988 242.595299
299.186837 433.170593
298.150065 8.135102
726.663136 27.323326
223.141908 346.052527
104.823359 766.192552
398.222456 924.824815
530.669209 957.393363
910.245767 500.610794
765.617680 736.342641
710.766220 847.865097
68.680039 305.410559
35.272363 822.607026
556.291912 598.165153
361.732163 632.458560
731.017880 217.501611
549.569670 617.442029
348.187288 983.756669
998.333498 991.107090
536.860059 7.008248
787.624339 602.257890
148.356825 433.160840
134.242413 212.238020
84.400405 517.610453
478.888785 683.813258
849.425979 302.427179
893.595020 651.505126
846.660339 820.313143
3.002136 456.900018
118.594942 225.193623
829.215491 624.751277
194.706279 428.430208
626.509293 741.692060
618.460561 466.656069
88.544242 163.069573
710.310744 192.674186
275.039140 582.822576
499.034344 270.211536
445.287190 941.796510
773.951188 797.610406
438.097070 97.450609
852.391586 145.379833
398.861284 661.593838
407.626962 986.358385
725.377722 423.366664
523.524783 881.033424
528.761078 887.436576
146.527278 683.958650
293.037600 82.943543
32.133331 64.895321
695.663066 9.141990
649.433553 29.718379
476.796496 518.707435
915.865994 959.769310
842.792251 809.355976
845.895975 973.656712
248.352231 55.940403
190.348141 181.205518
521.143756 863.109079
274.285042 908.698454
494.924054 188.579711
459.198641 751.557157
421.142056 134.532657
90.359195 666.985524
25.697362 895.565748
773.521601 577.549973
882.401355 519.566025
346.188246 385.849985
980.698030 591.797488
340.374432 673.081935
488.085430 251.819944
337.800933 420.284384
719.636179 925.258950
827.169790 242.665872
485.312230 642.652630
62.755333 728.878761
265.329137 386.807280
69.952295 688.217505
871.609927 148.036864
55.576432 73.093574
483.699268 533.604352
288.344940 213.411705
810.521506 434.953871
269.716378 123.172222
155.538992 143.832354
390.380530 125.565501
379.382939 289.052225
100.750925 320.789763
513.545430 158.042663
223.034530 541.346560
411.642062 468.131633
888.351832 529.248231
75.016256 798.206616
458.588951 504.499712
126.663996 841.788022
931.281954 55.809008
981.997180 426.600737
878.590628 472.684503
408.438925 633.010630
9.656045 289.150411
750.956536 326.495326
406.940897 455.658986
260.577361 523.702211
863.060119 451.412752
894.115294 395.743146
255.059147 779.089888
163.747436 103.148649
619.336405 186.953127
121.213409 233.768001
938.790151 246.066001
631.277005 872.631138
311.538573 28.796981
990.853559 275.762010
732.102549 447.533964
703.331640 894.878820
228.327766 504.765971
601.680196 439.057038
231.643886 238.791121
362.375372 442.873717
378.562060 492.548488
262.443024 879.901948
512.037739 818.286030
933.314087 209.857491
74.858101 140.105519
753.450735 246.501324
947.758308 973.876777
946.992600 104.625617
442.748325 271.100825
391.570661 128.098312
948.327997 548.649103
145.469161 900.193699
555.493341 176.583636
841.165260 464.530498
364.079982 92.253208
499.670274 958.292715
25.664905 350.052158
326.612446 375.382335
50.906026 577.583922
452.982805 282.010603
752.202875 273.717864
376.141565 811.276737
128.119549 305.265220
592.552948 37.398510
556.760331 470.889998
248.194501 404.976954
447.672711 35.260972
631.158382 878.918354
980.773618 862.205051
80.296984 551.401922
412.099772 160.865637
668.762454 890.566784
755.937112 35.039972
916.810489 833.892336
228.491789 261.494974
946.024592 835.325728
319.512074 39.428234
670.330833 250.310643
970.972890 141.354753
749.337637 117.668666
657.269467 727.939266
475.237838 322.339035
552.157705 114.555350
331.769005 41.660626
190.132896 563.575897
20.103612 881.398935
