128
177.172743 742.297184
788.772629 901.583596
915.499432 798.953172
5.957196 122.593235
424.497551 530.339938
423.344180 145.636370
710.470720 881.384213
424.466784 13.236069
458.605985 790.788300
778.954273 884.473916
353.107714 681.353545
509.033061 318.661863
749.933671 135.210006
474.572440 139.005209
260.546291 1.511201
398.759630 953.105255
840.013097 100.128532
860.228965 868.206825
952.108548 88.358418
39.933441 161.338849
622.036291 563.944692
218.431538 178.852560
974.977297 443.426736
673.158193 769.747313
143.081845 776.574236
883.188432 747.969271
119.530411 947.610307
486.429662 423.324845
820.677692 129.969227
392.801353 812.339190
984.771478 54.230456
451.278458 637.045184
818.407174 969.375355
291.594089 821.848428
806.525932 281.332460
354.661322 792.844971
345.428938 624.156618
200.276207 42.215622
517.959792 350.223177
200.940473 206.531371
172.746019 342.334392
614.129274 670.699830
452.043039 487.364357
132.741930 993.625757
868.102630 200.903641
587.496868 59.855047
983.770054 223.294656
913.289477 656.241233
446.400256 649.096514
365.109705 398.805294
720.582503 830.131781
24.838943 468.115774
621.809175 746.797439
424.558259 550.663699
4.784405 411.490936
928.169580 746.125637
133.588377 219.851951
51.744108 663.217219
691.798079 50.316269
665.534213 633.526214
675.082526 112.022618
764.138776 880.412156
87.108788 37.394125
483.051586 648.001266
957.270068 838.034499
845.830764 877.644134
564.962873 331.014888
367.223449 924.511081
257.731184 688.009786
380.470086 560.728689
167.083605 174.145953
871.037872 533.522235
908.211680 313.699386
345.584345 236.089963
964.002167 984.418381
119.737264 424.200928
544.989678 641.523712
89.030067 328.336274
347.756086 736.530908
874.975138 707.149167
56.048813 12.397342
362.125341 240.598660
741.672045 282.059732
577.908311 904.980333
4.449107 776.145057
669.968245 156.300393
940.697425 301.622268
365.465312 375.490443
867.875914 390.479240
784.583604 496.637951
994.040484 838.415794
254.241920 43.944886
581.698577 607.986843
434.862994 742.337806
471.513778 732.070053
901.386438 601.861646
488.680084 246.171752
408.637638 972.780663
524.603743 15.106664
897.702625 688.017933
517.400242 945.870042
237.800729 716.854086
166.623636 443.446232
0.816968 730.785714
315.500863 622.997343
716.349929 693.264082
689.432846 297.846716
909.756417 276.106304
518.653882 15.802224
587.981693 208.318533
209.584252 482.524626
791.392236 929.309100
898.041679 386.491307
759.400739 248.224112
902.655776 935.620735
977.699354 193.047394
547.545394 595.432222
429.350130 87.642640
9.849072 533.352649
57.973217 355.862255
976.926069 196.445553
660.412453 552.104672
223.225808 756.152956
662.726478 443.908398
768.441500 196.291078
64.147500 127.030575
2.878083 371.939594
188.758026 456.150221
