2048
54.743707 323.721141
26.754323 303.230564
39.505919 88.648526
270.662097 137.504945
296.238212 88.243185
131.325815 108.477821
31.492615 112.446303
201.436603 52.488502
149.366517 3.555493
220.429646 71.228834
122.579519 109.638384
250.559075 54.111851
135.325631 137.522423
248.030512 173.621577
92.433071 143.056982
178.884811 253.181656
234.942841 98.374089
277.124014 143.854249
264.317273 327.133763
288.984250 301.335160
34.320218 256.563561
54.654979 333.938038
211.371294 253.559381
276.449120 210.413170
12.131793 232.227544
169.994349 227.537080
99.178933 117.056811
20.425689 110.322355
203.839012 259.326029
250.768280 306.233644
101.870425 42.263582
149.168942 329.482752
228.527737 309.948721
221.270996 118.562905
117.206221 99.121909
250.221477 84.427465
62.066860 67.333799
110.702740 327.769729
150.710546 107.507447
152.283070 141.824925
129.862677 119.020667
111.729221 155.187913
37.079511 111.230591
87.888790 288.036246
150.163376 228.502574
208.087334 261.119786
291.632466 78.002672
206.489529 81.108646
251.148807 67.658522
288.666086 12.724129
3.803381 27.337668
226.448045 131.004664
253.186091 115.065715
136.692350 336.388209
108.533010 133.354077
198.829450 30.990034
42.431246 48.952511
209.869092 198.126076
4.253511 103.545166
71.667696 22.123418
109.959233 98.975383
239.360467 269.935636
92.770186 103.277331
113.226171 107.634417
181.408874 45.444096
67.649910 340.701627
147.639979 99.311737
284.877770 280.801378
24.645363 250.385110
147.900179 301.359032
78.216362 329.465600
281.435954 343.098481
176.720251 160.131183
149.816816 83.088415
271.711738 69.048989
219.730708 16.347228
298.162853 26.916708
162.092690 340.488517
77.579935 100.298685
102.853406 66.724131
27.828283 11.605938
95.139721 15.513953
294.013507 215.842215
222.946306 68.334038
120.145803 338.934106
184.737774 219.063607
130.325559 95.284185
163.968740 26.373194
132.230522 348.120834
228.729606 68.241804
291.423180 174.275691
215.601580 251.715904
119.317184 191.236953
59.546464 346.981605
16.999971 138.263583
125.173558 223.980750
166.690418 193.500012
261.165732 131.206825
165.520532 4.180834
229.097986 291.496178
193.937799 14.692263
156.734875 283.555341
98.237636 209.941180
112.640879 181.121277
133.111221 117.008126
219.069521 1.687539
10.693165 23.370899
81.171207 168.563245
122.110672 16.398820
141.408097 53.538915
281.604522 148.394923
277.261809 45.764231
179.512524 311.483669
133.742087 237.134543
60.232285 144.690674
13.844691 218.999261
103.349253 339.374530
229.473590 306.396096
42.159884 328.032581
37.364699 103.241081
191.015595 115.631965
194.088072 161.261982
240.117201 58.102120
19.145375 205.710943
71.846525 28.643640
140.275891 253.047387
100.663504 176.771994
177.348834 235.490376
74.358092 275.868328
59.131456 259.440991
106.914106 239.601534
199.705438 57.507778
157.044969 63.923838
186.809500 241.816813
13.006487 233.366328
75.325928 3.349860
258.077661 129.788430
132.120267 286.214287
3.016709 2.132444
119.982440 285.684911
176.824061 95.666128
266.234254 115.620824
33.596631 68.333998
119.577609 47.683451
227.791383 221.397433
151.424123 99.441103
48.529602 276.531675
15.311459 279.632547
286.478781 173.675089
263.339052 46.017929
234.286876 186.109529
293.871900 239.200581
123.570219 285.444087
7.518225 68.614846
265.469286 166.009647
234.974167 12.632550
184.514663 44.270718
263.967225 113.337485
139.805693 133.322216
39.850459 194.447952
117.190054 132.116387
68.677607 191.973020
163.326689 36.935866
198.088126 194.998884
253.924425 242.448316
110.444638 166.876613
124.490673 133.869455
123.367084 152.352762
293.887223 189.658419
119.180637 313.785549
294.624312 292.604356
258.350517 229.996198
125.233908 7.336000
82.417782 111.601489
31.048130 146.909144
173.131920 149.549312
107.382366 321.319900
234.475337 31.485911
286.029617 116.401144
174.876895 65.294629
134.427290 22.700609
24.972553 15.988700
233.209941 69.385833
272.310527 260.196327
188.280778 40.883376
65.921739 54.444499
127.449095 43.094108
113.716078 263.801831
229.183282 213.981897
123.207098 165.318955
184.859346 152.869636
239.981027 187.972676
134.375535 57.892874
4.737861 150.765216
223.707757 298.993337
198.007325 10.625952
77.464486 286.561291
201.958242 130.866361
60.791267 255.297379
114.036679 250.201456
202.175702 194.865644
134.474493 248.280691
131.633953 200.494370
221.892942 63.781317
233.653094 8.801701
197.310890 4.812159
23.967523 259.187383
53.435800 228.076344
67.816980 116.647228
119.961551 226.085223
183.724411 298.864527
142.371260 39.398707
277.769383 198.356489
23.584198 92.882047
58.764504 64.195236
196.564615 71.731768
167.851818 216.419230
135.428579 56.139889
251.234079 339.689529
267.353535 12.681602
291.151283 92.875470
264.023957 175.743958
67.457847 74.716133
260.612772 138.674596
46.235917 101.573265
164.452505 62.124091
59.654897 23.171342
206.346989 86.144307
194.893252 199.368514
202.818777 204.387001
199.135689 85.780457
53.269313 113.572504
225.497730 47.074524
155.595224 337.084809
243.754901 336.727605
197.878764 289.781762
96.069451 45.802229
126.911486 1.573041
161.231842 260.832003
45.841881 75.243005
50.732119 63.838951
163.933042 26.417946
176.929255 58.327660
268.266487 63.980228
99.158454 65.502240
125.271172 38.011704
96.607256 91.185609
219.880106 145.769372
253.579046 120.202558
38.052677 293.241110
131.433658 123.066922
202.079797 64.338204
156.163689 283.638612
97.848646 282.560098
160.776821 88.704915
183.004007 173.075695
28.458107 111.305922
273.116630 316.406425
250.954906 115.619293
11.528617 305.049233
139.250615 99.276969
84.012052 222.310129
99.719783 222.125257
136.454065 214.046543
154.503560 281.564174
213.492347 193.531693
117.566717 167.776924
194.368593 61.771259
76.761467 151.633928
138.368040 293.590870
70.078362 8.199964
228.688119 304.756461
121.571698 298.118224
191.128151 222.631704
232.321493 148.556233
201.099458 91.684698
209.760494 168.725963
66.220182 306.361277
140.561617 255.614867
187.780961 40.386822
112.556060 267.976329
66.999193 181.333474
190.030008 40.071095
64.197388 193.088855
38.041907 82.052014
41.316579 242.371215
199.718487 313.373703
61.559432 267.601296
64.266312 144.556081
174.909447 3.595305
193.967899 254.886595
196.284873 186.507390
25.464904 220.081669
96.526754 262.674627
190.680155 188.268671
198.477345 126.853127
146.150894 301.086579
53.251481 113.923588
183.207470 312.601469
36.768413 311.177992
230.153246 333.214761
291.843367 13.378707
133.658741 2.863811
156.067702 151.511462
174.117359 222.190163
171.488401 123.147316
160.238442 32.079738
140.710625 27.394563
146.068479 85.075549
98.355627 73.521589
152.013959 115.033978
279.488380 304.744869
254.578892 125.342860
289.247411 211.437680
71.223382 59.947294
200.714366 240.741808
126.489877 134.590149
5.692365 316.844841
266.778548 288.238663
66.181689 251.594052
163.918127 83.947701
50.575905 150.778030
108.295807 32.233220
251.773424 65.250997
105.865747 333.220051
68.049507 126.075124
38.241486 145.429955
163.935108 66.920189
152.249901 191.430551
148.521673 237.710559
258.317169 276.095612
33.382256 64.841549
207.355071 252.786827
247.023325 24.532039
8.546924 289.510077
82.170274 158.418648
79.048053 187.401144
0.876982 46.004620
42.561178 146.663061
228.051960 80.835169
211.448438 16.211074
136.736973 161.347334
269.696944 112.635789
231.181067 186.893936
194.044810 12.980210
92.908885 22.901908
224.884199 266.850846
53.287656 123.247000
96.279372 311.965311
172.266887 337.822750
74.543144 54.393820
297.373282 294.880694
51.279904 304.901911
116.931801 318.242991
8.523685 183.828336
131.007643 169.699697
293.834255 201.046781
79.932255 24.974610
84.228204 260.659270
257.448558 44.225607
214.100740 222.995563
74.074567 316.454665
45.908321 328.012214
43.960376 282.385948
51.970761 201.351976
276.571280 155.745876
275.091013 180.434564
140.327685 218.644021
85.763093 257.011955
214.222415 158.820404
166.734993 17.536017
23.859285 236.840785
28.343812 320.189084
143.937812 306.611395
143.754717 216.457026
79.913784 12.790980
66.862381 298.702188
203.720642 38.311351
213.328094 122.825389
22.555853 228.928022
37.090063 318.146489
118.321017 258.226035
4.262946 288.555449
129.792389 140.796649
16.527306 320.169102
156.081603 74.083946
153.322787 228.768644
141.091593 147.469927
151.764627 126.098718
78.125050 289.004017
291.867394 134.504223
267.836237 27.565050
202.114635 47.455410
242.629841 326.361350
261.603486 314.748744
70.406039 133.338811
278.910039 164.527558
183.998630 75.812651
157.051257 187.224764
159.946807 263.645601
78.522968 41.446500
78.282184 220.108242
179.327779 188.979003
231.517762 138.869205
149.763477 87.226038
178.305792 99.687301
295.264840 252.195042
121.771031 6.661425
264.487858 171.992892
29.608054 259.652171
149.172538 49.982295
44.943769 314.910787
4.804590 59.199152
222.979779 24.672538
232.586889 102.486421
119.385709 134.872723
176.453114 172.059242
85.433140 87.242846
120.445831 271.919223
168.328232 108.031885
207.329326 97.971531
177.868918 283.380613
281.108233 217.077603
19.947997 193.640274
181.787139 112.526331
154.331232 52.527681
113.773745 344.552923
129.405595 256.470773
217.949459 89.311732
224.806461 142.554690
142.858584 144.934208
222.200979 153.822881
172.429845 33.133660
23.503845 267.312997
111.039893 288.735148
18.535419 145.586880
24.599869 58.335934
87.458177 244.515508
190.412824 196.383723
103.913340 200.094585
162.589895 289.758746
64.492795 35.471225
98.468178 180.447369
24.791296 311.857935
125.404568 203.677053
171.624601 343.786257
184.816861 19.804283
0.496651 288.420142
280.559209 301.734115
81.663008 11.863651
207.761899 179.948308
35.321792 295.590868
82.042848 109.838914
139.395626 142.662662
198.311908 32.948291
53.081695 284.721892
103.582774 18.292042
115.162316 271.894424
111.077172 319.701210
15.626557 158.128454
98.506041 222.860670
230.807428 210.524016
108.981132 170.201590
24.105752 169.602671
96.080707 266.510147
245.172704 137.241868
106.355683 139.949007
105.397885 259.294793
100.781788 46.096567
167.144435 345.929303
157.533245 188.118969
141.864945 261.492382
259.261733 247.265380
205.058449 20.241600
0.488331 125.282605
21.206013 11.035089
271.485958 191.906690
107.771613 253.741163
195.198449 233.729766
211.009652 162.434469
30.959162 152.409088
205.327536 46.550442
105.667414 294.270556
261.629376 122.418317
158.273020 343.751241
280.379969 287.171516
292.862554 47.762559
167.422664 201.498785
291.491827 120.330200
76.868309 146.618365
184.170300 291.930939
157.107195 234.058719
149.901283 339.349680
171.485286 62.062504
72.435764 32.540006
171.328058 129.106561
209.111944 51.845995
193.399778 315.074034
256.540114 81.319170
283.959246 120.218462
267.159463 57.281338
194.953999 340.494957
170.357630 0.793152
26.145367 262.711165
117.044185 71.892652
85.542636 134.264422
113.256497 2.266300
248.323910 326.613830
298.841292 29.865729
45.690409 255.162481
270.699103 163.124032
64.800613 121.228635
119.714732 286.425957
52.342353 137.573013
76.826713 31.001902
213.399066 114.444238
183.692974 32.455771
157.831503 86.419965
266.013363 334.354288
207.874375 285.386686
80.593441 39.623341
213.852546 256.357628
87.989882 170.276747
206.818980 241.032964
120.882215 78.624913
170.500607 4.320321
138.538642 138.784186
124.985212 30.864233
30.135267 97.336233
25.766708 187.896086
231.010084 334.228003
188.612144 238.354310
232.193771 94.163855
224.491098 258.873422
30.521438 319.442408
187.322683 154.383647
150.813673 29.631126
265.997284 19.077220
26.433801 318.367647
4.323243 70.869791
50.211904 13.390275
0.294664 177.828845
102.345750 262.518467
41.029444 212.170390
126.638993 258.487269
167.592953 40.553488
113.543708 33.960005
227.831765 313.215473
182.104341 32.264073
96.239978 239.519100
212.157993 279.293277
198.952658 346.872438
244.336461 190.054018
118.189334 126.168290
180.382420 218.549104
218.396205 99.194272
92.686819 218.590236
210.938448 166.252064
127.235527 55.417968
51.250161 71.700831
22.173742 86.426588
61.432457 227.852836
147.962577 124.863165
278.751970 215.089672
181.813433 278.090363
269.769842 142.028609
64.147737 269.509259
250.382017 82.325056
74.755070 9.870320
291.829312 87.784853
128.599215 194.850697
219.135856 252.396848
28.996418 166.597094
297.739164 119.160389
24.560260 331.674049
296.352498 229.179235
56.056428 163.789908
57.420192 304.685385
297.659547 308.016121
280.233358 212.383299
193.801715 146.329621
224.527041 263.638757
279.929499 204.266602
264.675300 347.389336
190.777755 2.025702
82.260539 178.352448
145.361310 218.795817
172.534406 333.383744
26.220655 338.972198
133.477394 296.979939
293.007006 80.210510
212.606104 315.918913
127.860708 64.074190
252.787716 3.660474
232.784719 131.569212
286.071972 246.899840
39.089023 314.081750
61.691532 57.843858
198.620130 126.608377
220.283887 13.174568
192.823010 205.725098
275.760229 2.520496
10.264086 9.904984
191.204107 312.002687
110.710917 138.118730
138.423244 326.030176
290.709831 186.815196
259.717459 83.231054
226.568032 33.739616
52.902286 266.844826
266.565224 305.337000
84.825193 66.519857
85.062570 171.045575
182.559795 212.880033
149.759488 8.999130
41.459654 247.810365
256.124599 333.826936
110.838083 181.608976
258.912560 50.627634
41.691370 241.337036
1.346483 152.058298
251.844036 49.830027
251.368210 169.760484
269.539234 170.218548
268.401173 254.925923
162.849831 136.634377
54.828182 230.138541
75.824048 320.570257
235.128231 233.547691
288.029387 128.234891
251.844124 51.563959
30.394179 274.119617
67.199286 254.799997
148.750656 177.660646
79.259565 134.753090
253.009122 145.023809
12.993104 320.942689
200.372020 177.972935
78.096102 71.380934
213.729686 297.301384
123.735083 18.137258
285.337363 192.575222
138.641005 45.935238
243.034428 209.574637
232.220062 259.681319
269.086989 52.522684
41.779757 224.433681
91.607255 50.322464
145.409228 108.376099
66.086366 132.470023
63.150934 324.040326
124.940357 201.347030
205.307492 3.514874
235.269234 198.353115
274.970705 271.415820
116.305690 291.351719
212.869429 229.248245
150.218202 253.532265
185.803724 120.396229
128.079751 159.095245
226.106158 77.239637
14.205204 287.999419
219.624761 38.913032
181.143183 85.731395
246.482428 268.521298
117.818812 210.905096
198.812111 41.005118
19.735957 235.931302
126.341909 33.204016
137.054666 90.724424
176.048632 290.922290
26.509587 54.402249
118.804880 295.883436
96.777485 279.062443
173.557317 90.798187
38.675484 255.330435
290.251682 303.359504
97.017965 94.418225
288.952930 37.219139
78.919064 108.163956
9.947085 94.098036
176.313158 227.784340
61.208462 35.723366
130.805895 63.787004
15.583440 12.692741
151.626288 213.535873
297.792372 112.469804
240.000642 222.579636
82.241481 154.658577
211.459754 238.091382
44.450188 86.693426
5.497724 0.284957
205.096596 68.229233
110.324125 253.839420
110.688116 41.024472
298.550362 275.251003
165.945107 279.312084
169.887474 231.906185
40.501273 5.717129
160.967516 327.889790
80.315456 188.847510
137.232738 82.406241
44.305778 55.083679
35.483235 311.194836
172.809825 133.856369
234.858024 185.275708
281.854705 154.031264
174.393432 35.482381
259.180323 50.968583
153.400974 11.865944
240.794656 41.747793
218.705181 207.637979
232.721794 297.716272
100.607282 124.358229
204.652023 100.971838
200.300156 168.850411
59.019110 156.550096
160.685349 45.101436
231.282547 76.724841
98.063698 299.332331
281.558435 294.712240
24.523934 319.389530
25.575902 296.541741
280.320172 164.660875
4.566168 284.175781
36.301952 264.718986
241.706041 62.334181
86.208154 233.859391
278.385271 24.790965
138.637558 328.344756
34.557698 13.110830
174.618499 248.627219
23.710195 113.455901
45.713139 0.848774
227.445053 80.505742
265.714995 83.905736
46.038186 74.424370
257.469771 110.172089
139.116929 277.933198
105.644261 190.267962
200.265985 198.821242
118.818482 212.607666
126.029608 209.563914
77.751012 304.802641
186.842825 195.259948
114.814953 110.729697
72.017030 221.919495
172.247231 302.407718
185.582948 341.378600
0.114714 149.337266
52.649483 209.845197
229.913959 191.230083
260.570285 5.570894
154.292831 349.554651
184.305625 145.405869
116.951462 3.751157
39.169320 138.546890
6.497557 5.173251
125.848376 155.934428
291.370209 185.614747
66.049142 102.591435
132.210364 302.858272
76.264898 214.829932
39.997332 274.355788
169.488705 112.770839
76.702200 39.521401
245.304791 277.235161
249.727884 205.971791
229.623723 100.237543
122.051113 248.564044
13.613019 226.351882
125.216367 13.401116
156.475341 94.574169
135.473877 244.362362
84.189070 193.310765
234.886785 49.222746
202.878907 333.414268
165.951473 54.138761
222.989179 208.992535
246.454799 76.770235
152.003808 265.996103
39.859763 26.872401
123.813145 148.791165
285.528319 86.871498
170.806256 47.542979
4.152910 230.957709
176.761717 273.197424
282.083821 96.580879
244.144112 268.447626
256.499747 339.788749
196.719355 305.891082
266.928244 73.489888
295.321833 319.723874
42.122334 291.738718
87.974180 212.376424
94.757447 219.810361
88.053598 19.630986
203.986600 3.255980
105.648182 267.163606
58.902612 322.232873
186.769489 157.268688
12.713189 82.327145
104.850590 27.849267
96.535281 79.871702
131.733960 61.448320
224.503048 143.176135
95.395422 129.336154
216.627944 76.830397
118.702201 32.533509
77.723899 123.156594
293.897959 50.162707
243.963604 229.015565
98.225727 326.435583
131.015799 329.629596
243.962477 206.904506
166.317960 240.279318
63.856334 155.630459
112.396865 296.454777
227.519592 142.073548
111.539523 285.561135
193.710265 103.158940
207.696738 302.262221
189.551343 104.321240
151.782536 127.262428
42.534363 320.887182
0.751091 27.509841
6.766903 36.563363
231.806561 201.677814
170.591988 46.126865
3.623396 348.153064
93.033658 19.480114
130.525593 167.586535
151.621399 117.671068
169.400878 140.658503
126.400564 133.326937
107.848303 7.506797
142.910881 120.381110
210.266416 288.921357
1.065745 247.308694
229.050957 69.334654
135.024280 178.591327
286.661266 251.889158
215.214431 10.424168
170.560763 133.862563
24.085677 125.972690
62.572518 182.368485
100.390445 72.567690
210.145323 14.510884
243.794277 58.809498
9.629910 174.883487
271.519673 153.008710
143.476773 16.472832
7.620208 318.317933
188.144714 172.915184
116.146352 317.036153
22.826657 288.888296
124.787348 1.118548
213.805585 35.538326
165.131220 70.488568
258.314764 228.947998
24.859400 247.259582
121.533871 256.395208
29.368802 118.355039
122.694903 272.102036
101.932793 215.203434
20.669243 335.963094
284.327062 332.422785
282.642872 208.543503
77.697640 308.271892
64.870787 97.203746
217.159428 348.255436
67.812768 34.053988
81.745123 221.999035
118.091084 299.654669
125.155411 218.154872
239.086479 147.526414
65.524675 318.757881
226.029326 320.704643
71.081628 80.404816
11.782985 42.739186
100.715387 144.094342
123.090381 326.703881
96.106607 74.374205
134.794573 224.446555
277.073423 201.858815
78.092477 0.303413
170.971664 140.886273
107.648138 282.640528
119.447311 292.779685
84.139015 261.836711
119.655266 170.407290
287.413336 298.600996
245.949799 324.645536
143.594759 229.957368
165.846513 96.065438
18.695488 134.253268
252.584267 214.394926
73.301375 205.574106
200.564115 94.602148
238.537372 230.555824
87.205839 196.634774
120.550578 225.817961
233.545184 342.892292
206.359542 332.302404
48.431361 100.204321
243.455328 62.644983
63.631745 301.867482
202.944310 215.847440
298.217978 57.816566
105.453078 291.536873
180.197033 83.457680
191.330925 348.669513
33.011154 138.216032
40.161197 337.436078
204.138911 189.793794
269.390547 54.750037
29.032820 180.369014
96.021450 154.589366
114.403006 83.216553
17.657975 90.518151
204.476402 157.368973
257.420257 189.304330
118.180118 295.450380
158.171933 111.614831
223.255150 174.191912
208.679176 316.061689
84.689247 200.874531
298.500487 347.296858
58.530918 33.990285
64.047760 59.157939
229.265929 84.540047
183.921448 312.413149
23.818555 138.202064
138.935851 227.327820
84.578890 136.976565
184.395996 167.413265
55.496406 32.775946
270.271703 182.605566
215.788249 61.953453
1.451011 101.661925
241.685445 8.489614
201.376370 271.431466
41.700429 68.956878
92.785453 52.625781
26.995330 128.921458
242.523932 349.677703
156.990001 36.113830
55.836620 53.749659
17.594032 236.712664
282.637062 94.618958
180.714978 89.399360
287.174778 170.912355
63.391612 143.299510
72.740402 55.922427
118.482469 274.008053
260.016792 2.593984
168.932360 53.864346
169.774236 111.517094
15.255319 228.837667
235.431807 236.117448
107.949506 241.903071
55.638266 14.397498
110.357444 207.162030
276.197778 182.065879
241.059722 339.205182
189.853417 77.444283
262.335893 325.905848
299.653052 196.989958
137.338448 55.183747
277.053495 161.102286
39.526217 136.655795
63.385921 31.703311
117.893716 279.633248
296.570101 295.969793
140.841490 143.411382
184.362795 216.413522
53.200047 155.394166
8.355904 43.967451
95.096941 226.663348
112.186564 22.835513
168.406394 240.633384
64.530493 74.652236
240.107308 214.115384
246.221159 45.513420
166.333759 200.066971
64.778676 41.076510
148.207750 32.268006
152.897412 287.947089
65.766960 169.509983
260.814456 243.316287
14.426623 79.622981
148.660107 152.163472
266.971992 231.315134
225.826317 190.053971
117.501397 286.968116
62.674599 83.978076
188.156037 44.929714
157.465054 251.013521
200.784375 213.495585
17.402916 339.269013
209.396238 26.330897
122.896021 15.671762
167.401596 138.403841
45.726875 270.191707
181.734815 136.548019
10.766526 61.827829
291.700167 5.482468
80.433839 60.119675
284.038550 275.229596
157.554070 246.461350
22.211169 120.298973
227.001560 134.430807
110.205739 32.501514
216.810230 151.116411
183.021120 158.628537
102.711032 75.033172
27.869777 125.241938
35.364707 87.073873
86.214113 0.695736
122.768572 316.623619
79.860637 20.686826
114.410034 221.016219
59.649074 258.986571
160.537364 293.394812
245.668483 58.566480
108.714151 185.197586
56.418892 271.043403
151.259125 14.137447
264.056834 120.416081
114.067023 145.194918
77.987148 35.001264
228.211100 51.291161
0.468162 79.806383
90.757062 179.597921
87.647023 97.441206
38.013777 230.478075
167.149090 87.222335
124.954215 123.081309
109.343969 284.763348
100.790315 213.304598
266.043585 226.956403
133.939106 250.316109
53.860497 155.604420
37.275855 111.187157
62.184655 277.076548
64.743463 50.612692
126.437258 152.829324
259.246427 297.152685
81.576423 64.094846
250.357232 296.328265
204.982025 271.716112
242.312515 54.174737
141.259961 298.852010
262.056408 95.729870
284.509203 53.865479
186.094564 223.224978
79.033692 255.811117
14.951983 230.973906
110.087698 167.929504
292.433357 32.009388
27.239634 19.282815
288.234026 290.824976
124.607280 320.320538
237.664033 255.976606
298.992412 193.043396
283.155589 111.983224
130.331798 217.609945
188.870272 49.778836
113.912914 273.403224
246.844762 23.241005
9.921536 293.134097
89.797789 270.011967
292.395416 338.048422
25.568411 149.664269
263.460101 319.579241
58.544047 291.431267
158.830678 78.406488
23.870497 106.685845
16.284050 100.371139
246.624186 248.140474
211.667613 113.839876
177.247709 2.619852
241.595106 337.109501
299.477471 254.173252
119.862108 26.192280
225.990861 266.471567
289.398744 28.800889
5.610647 114.494347
5.567535 319.146290
121.450549 22.601102
91.476759 291.539949
224.504457 170.817697
199.741468 63.993348
288.172316 130.797851
273.846972 287.061286
204.881274 46.167548
289.701841 21.975090
73.146766 323.973232
58.375927 144.911315
192.411083 178.581749
148.681594 223.470625
17.823600 188.118207
130.888462 282.786533
122.797354 180.987020
299.007978 148.272971
20.414091 232.889629
107.996827 119.784105
9.822278 96.867893
178.873690 35.125313
215.255299 111.788421
23.998484 166.277281
190.508978 331.797949
281.248359 164.699842
265.925808 17.556058
12.565438 335.205992
177.513732 318.849180
41.281986 264.061356
67.897792 301.220123
177.099050 237.688231
236.648696 297.077695
201.276847 69.960727
154.237088 306.530964
185.070140 86.152901
18.689196 10.864687
216.684194 129.786529
104.743627 30.500875
195.599671 50.944064
100.185972 263.245506
14.756543 248.756588
87.406637 283.912490
143.329571 280.119589
102.796908 8.900388
118.991997 114.908433
270.878621 183.143175
160.583262 143.360362
49.372805 10.193404
146.182067 212.340105
171.556053 49.676600
141.099006 292.824387
128.121636 280.384653
21.305166 205.244131
246.946388 265.934405
51.037007 92.132810
65.263697 101.439382
35.740065 97.155487
121.945394 275.619445
73.723780 88.159647
127.875971 13.359638
158.946136 242.324671
129.213866 347.026558
64.593678 263.602882
63.119118 50.183606
245.026812 76.563421
172.638862 281.571189
14.551123 70.848733
46.850092 244.419311
4.598402 216.225536
45.072798 44.934134
221.138046 311.660350
279.004157 260.020257
51.816330 323.229924
150.280374 72.620760
74.664986 343.497519
225.253431 156.811779
30.493242 116.564595
129.559047 115.388089
280.810563 330.316980
246.410013 248.606211
21.076235 266.334952
121.311840 102.784779
217.525180 169.993126
20.972905 340.217477
72.969093 340.136567
107.386354 49.524895
55.630783 217.667945
124.409541 293.020985
260.307795 108.622152
10.727267 342.035931
169.626287 10.498017
34.436703 90.606861
282.437195 25.584509
170.436694 151.103768
0.886637 235.334667
231.213441 121.693877
221.997445 12.905578
217.760625 236.635304
68.187124 24.489849
0.771436 76.442970
237.422445 68.871344
60.585441 69.432063
38.297767 198.996936
249.854561 239.882953
53.819499 51.700901
203.179251 272.625653
145.159666 114.921111
153.517904 204.655604
168.624134 310.122083
18.731951 149.208536
298.163895 47.348619
204.201218 11.522906
98.980140 69.087035
167.824652 33.751451
223.405219 316.767835
57.432968 205.212552
92.029283 275.523043
184.958034 337.951567
130.268429 25.073648
10.969059 183.132250
3.200454 105.043403
55.267189 88.245868
169.974775 193.713540
37.255211 56.383860
165.885116 152.996654
269.794769 280.792022
189.870589 64.144862
70.888787 149.153598
106.727782 86.140838
144.917971 275.731295
185.033901 75.566704
213.941194 244.582110
249.872476 241.148015
278.298260 68.672989
203.079413 64.966996
214.537301 33.147203
218.608187 55.766464
271.677426 96.239503
126.273591 93.614087
104.541942 275.818096
235.488919 305.966407
152.052776 176.178129
22.123110 143.628560
13.036083 113.696696
214.603395 279.134081
5.567412 316.741247
274.397152 225.085592
183.032011 22.167892
150.654779 64.007134
186.775045 266.207834
90.063525 230.609439
259.574569 81.410425
98.587361 67.407099
266.670916 277.769363
145.444518 100.343755
152.130565 301.471365
196.478647 136.059399
171.708882 246.385172
124.783584 277.307277
88.633793 196.184173
229.194777 89.395810
236.044325 346.468018
118.261180 134.926496
51.101664 309.952194
271.300279 51.079319
248.667821 70.075768
11.509911 288.247263
190.071549 154.619259
245.047410 130.449076
49.390692 10.927056
215.161559 23.710816
178.018536 67.122522
67.051996 166.721039
283.285397 207.269557
25.231914 201.570488
124.455174 137.792956
245.318221 190.557268
168.000145 324.839704
240.778264 70.323895
286.025629 38.198888
93.182785 143.574458
133.642405 32.549301
5.229409 339.126792
260.569379 337.804253
108.064662 49.912736
242.878928 310.500220
66.166704 307.767889
4.203237 167.776000
181.060635 217.107141
145.471606 281.502218
220.957544 272.357033
175.412951 76.374641
153.079635 10.989493
214.639134 279.919315
217.653621 238.478839
226.157263 29.312695
178.686773 220.022892
149.787950 217.095173
273.069214 86.654497
44.678103 5.696626
165.600341 169.077846
35.455815 123.538921
101.692803 59.432215
280.489844 341.599967
189.126962 182.986562
4.405358 280.994217
102.695743 125.249184
139.748125 54.518717
296.638357 234.343504
52.520833 137.250640
232.724936 9.340712
162.293239 72.884927
280.257387 333.560860
177.744603 295.806253
184.879726 202.484833
96.509343 271.284487
24.319271 156.311863
28.694859 203.573590
181.133273 241.404995
80.352492 215.052792
250.521138 10.230323
78.033165 237.297898
13.512735 9.963301
131.314759 241.670566
6.174492 320.470058
291.649120 54.562625
29.174912 166.540427
81.387022 200.299887
120.173273 177.562448
164.629234 27.449044
30.932789 335.289175
175.849827 242.711461
1.310943 155.187422
30.007604 44.094330
122.919654 129.067173
241.687650 51.728347
298.572122 1.935263
279.400152 324.751771
174.012310 262.369212
290.862059 21.739604
280.732660 202.780315
153.219929 311.909764
272.066023 15.917872
112.859571 269.272345
137.397865 170.235467
212.130747 95.036745
199.354161 169.619979
45.412396 53.827847
243.966661 288.952640
151.728436 116.454816
48.076784 147.602232
257.749290 341.041093
237.978899 129.908957
68.433158 298.765604
217.288030 69.913177
69.224727 69.986292
222.518633 82.446683
26.914011 284.407899
80.196481 305.974710
271.667091 243.594063
116.064878 119.468354
261.109072 70.208316
120.995309 196.184381
232.186016 292.095543
128.398468 108.561842
41.899319 118.827680
31.553982 265.729445
98.386589 330.641619
123.161837 327.836073
206.465195 303.951347
223.108463 97.935467
258.342004 63.070308
190.852411 65.880765
178.300997 5.663258
284.891436 198.755521
72.037549 274.262965
32.266644 239.734846
20.186102 312.456551
49.076587 151.898851
54.852399 4.983930
98.496433 34.481136
235.238910 303.759580
160.514380 192.712165
11.444861 62.747081
34.447581 303.916120
15.628680 199.761999
171.358637 28.712884
237.813960 45.758516
97.183032 181.094235
43.555256 38.727980
215.278328 213.336666
128.004422 82.045315
244.808055 337.135872
79.369435 189.115799
102.201455 233.163105
147.694848 125.193327
235.069795 137.717142
53.149956 223.191476
196.408892 168.296498
179.350843 291.220272
119.241820 113.488519
215.607567 19.102834
95.429111 89.904024
57.372498 69.498826
100.091242 155.757722
145.746560 72.842253
265.499213 52.810074
281.928312 197.336630
31.487895 19.898704
160.723542 93.993014
163.359367 327.696370
293.908861 263.937636
85.582285 211.709725
90.304398 53.695326
134.861624 139.208110
232.032628 84.441012
257.213464 334.475330
151.609012 224.769915
135.391800 34.977528
186.266071 86.154803
46.094010 119.036810
44.280392 257.305463
242.502150 272.568862
227.027807 299.085414
24.480650 170.664003
85.631082 118.519760
95.662584 117.898417
144.590843 161.349402
299.480193 307.530698
187.234680 178.817143
239.766782 187.027710
21.195889 162.528624
187.356610 119.635599
270.443544 52.084889
34.904002 153.493025
220.519048 74.256110
233.524250 282.416051
185.632230 257.704717
294.155703 204.051614
167.546193 173.670459
196.625515 215.868624
3.399421 156.412563
279.386752 61.988467
205.852683 193.721303
149.095593 291.234004
17.060347 272.131068
220.170836 246.450565
166.845217 78.818019
252.387474 205.645434
28.115528 43.954318
205.906986 208.500798
62.491014 334.219969
72.869534 137.972803
136.204893 228.247700
136.370457 324.656192
297.101165 209.163448
8.636046 287.034242
115.290091 327.314014
185.686697 275.711024
193.005454 283.111919
10.312002 249.444179
92.836020 344.161024
183.715603 126.158862
44.569869 333.413031
148.119091 43.813429
276.262558 52.279349
136.304355 78.513178
60.845763 273.862488
262.999064 29.481767
214.329585 160.220116
230.987202 235.558689
158.470807 22.004046
190.281290 67.254214
164.201471 39.819540
40.291019 83.018247
160.863363 35.635516
65.239723 331.365731
54.715763 125.809551
112.393659 233.592205
29.309562 6.784880
242.976270 119.195155
225.400152 233.744813
127.780515 241.636080
109.370659 108.109530
125.885760 188.957651
223.925015 9.015260
273.830036 304.984525
107.064295 34.544152
243.053917 241.708073
246.499199 247.384943
127.488143 108.763465
246.478611 193.682816
194.645854 248.352404
264.735827 134.212450
264.557056 128.845444
47.463041 13.217664
213.671666 209.633739
183.638252 9.444892
163.120071 185.536381
137.110247 130.570605
0.133843 174.414447
114.525944 43.790330
243.493163 104.529613
153.609945 259.394050
30.678235 243.945090
72.962240 205.769155
10.449818 151.770523
6.154411 276.714072
242.919456 55.175276
155.020832 274.313726
163.539891 17.443443
190.236572 240.405020
74.715392 281.852517
167.362094 63.826510
284.698229 260.333000
57.203538 256.507889
152.655616 96.752158
11.584680 4.337537
86.562545 182.810088
162.129830 18.731786
150.102648 87.748667
207.290238 31.526971
277.548171 60.792465
76.249460 262.112230
188.784349 114.977542
66.474967 52.241526
191.422353 41.401918
36.027626 135.694525
15.333020 2.416145
6.990731 225.422194
232.127530 195.289829
245.283263 205.095282
202.629997 2.762437
195.669546 21.070920
247.677362 248.997974
264.817461 334.919406
248.966204 320.820156
235.170435 11.090758
173.459494 272.672085
214.060663 137.160000
126.953141 118.339981
205.764382 212.301067
209.172724 193.629853
31.659376 232.327250
106.359291 210.697820
212.795533 180.286371
105.463984 155.369326
250.503779 19.850958
72.905427 141.768451
216.299853 293.572475
105.079064 307.801166
183.599660 302.730075
29.466370 281.484786
269.832051 311.834783
91.879147 131.618593
97.456067 284.797260
289.334199 163.186585
65.949901 256.653939
156.646638 303.395150
10.529531 314.793902
120.958113 166.842681
235.667389 305.438592
48.350766 269.877231
151.389315 116.929267
283.018804 229.880609
260.060365 156.989716
193.843617 267.942258
176.163749 98.143057
248.885353 135.488494
47.242742 243.551764
106.709246 72.675250
259.646693 95.622437
236.827464 302.378960
71.298787 138.503800
285.747514 184.870096
138.597413 241.166971
251.381415 78.683389
112.905167 113.334855
101.922152 6.548125
132.288374 82.490447
57.377361 164.851396
49.212821 23.200685
29.074237 292.479264
256.282037 270.891723
66.166568 305.097140
229.400205 267.459801
125.897047 60.287374
299.909605 327.526935
253.027860 162.458541
77.740888 106.290698
23.790805 294.065132
2.296805 236.136356
80.347071 108.751523
74.437797 88.721875
127.332299 202.934109
268.769585 128.815799
220.394506 82.203111
118.010659 122.677655
294.303868 309.297321
137.206940 276.555516
58.766195 97.348127
197.119584 103.656852
180.615819 245.075270
154.338217 189.486404
41.134556 173.229473
143.789407 196.656952
140.056624 153.629870
91.900071 191.903088
55.889828 47.064553
11.957086 306.541977
43.716123 43.035367
167.493815 196.632065
81.523605 78.427880
32.045526 104.019801
9.253463 143.444103
55.748146 68.940997
163.997983 249.784269
192.172134 43.239702
111.149386 335.680024
106.428665 171.001800
151.934439 305.798953
139.712979 65.372468
55.770694 161.060814
42.083884 237.820654
44.344987 123.886715
12.014660 35.446828
46.997674 338.228737
223.179500 90.833536
247.923244 170.287969
68.477333 114.959196
102.175347 71.234031
197.449698 276.584292
173.313322 206.504222
99.825611 197.209194
295.647066 46.953601
213.569866 313.529999
213.158910 305.427032
181.829890 250.785264
212.509504 171.772025
147.785109 145.050428
96.465631 114.179658
272.146272 189.451674
140.811205 249.568396
82.312655 150.260265
149.380063 269.167595
128.379173 80.214021
263.187146 217.418402
129.497522 309.001400
74.166387 16.873347
77.434852 55.477635
10.813253 278.069878
274.665632 239.497961
207.626922 333.285841
115.821259 242.551134
91.638240 307.883509
169.832274 199.538100
245.864552 53.110330
107.409205 147.597057
183.200775 181.332126
170.603394 269.790411
100.666636 238.171818
3.205202 198.144327
267.170212 268.037636
50.179919 86.216348
32.702687 39.729424
242.084192 127.181205
72.438940 94.805426
166.966742 11.709146
81.956569 168.071760
241.779105 94.983944
38.703854 111.629545
135.224535 255.221659
223.225506 292.930206
152.547318 73.244126
54.886040 314.620463
22.386597 60.116223
234.314496 27.682542
94.700036 144.088494
38.844994 79.122153
133.736903 135.489964
68.420897 58.348932
274.711105 81.141732
127.791130 99.773675
39.558940 78.290113
147.372981 113.976286
42.369201 232.356714
230.823993 185.319906
18.565846 42.193748
43.138480 266.508724
224.673095 327.491971
49.335257 323.943369
228.172931 2.865252
176.818537 337.351525
186.068627 64.643242
50.541676 179.598385
94.333873 314.308427
27.201061 312.929576
263.476735 295.739267
119.874309 265.431084
0.193116 286.642022
164.965323 317.544276
142.835303 38.436177
211.560088 105.468825
183.894253 129.156435
27.607860 239.529516
62.201232 252.116228
186.387120 9.710636
91.428509 45.434822
234.049090 73.574304
11.426916 60.879389
128.474802 205.334223
44.819812 334.343376
50.674704 338.051343
67.652364 38.824406
104.398609 265.316849
154.533060 159.990778
227.140987 68.321290
236.503962 259.099240
283.655129 107.039670
13.483301 132.818657
285.571575 235.032744
81.715769 346.421230
44.232345 15.202350
5.059326 154.106974
65.066078 76.498306
134.594504 151.464876
103.009325 324.018975
117.352306 163.569536
182.737244 192.328453
183.688080 286.481396
250.986552 36.134153
48.611702 136.360265
5.970962 179.610278
265.667966 211.763387
263.354022 339.556474
150.561439 333.785638
115.908015 193.675495
89.180050 57.285443
254.095523 97.365896
153.095861 329.153709
288.328319 39.741711
119.095533 45.066270
24.692622 127.038970
123.405464 204.914907
4.154877 269.526057
192.378833 246.225201
220.241066 223.526846
227.747162 54.316331
81.063799 162.476712
39.511809 204.128952
81.683859 70.715529
227.916701 228.661373
95.738981 215.903451
205.112736 34.703344
136.368725 290.692489
15.990609 296.526985
67.740331 13.692406
152.804706 220.145259
112.599362 67.063435
115.840423 268.321341
237.232820 200.679922
194.956491 39.376503
257.906454 272.734251
209.626619 343.684232
215.048193 250.804373
187.804391 149.791176
291.674916 210.366783
243.871776 178.424312
280.635001 37.872808
195.675429 136.428081
82.938984 181.424734
4.719169 134.253605
257.430354 37.293080
244.116878 84.429407
90.037521 70.718351
268.563732 292.427290
107.540334 268.782801
285.036959 252.205143
267.287497 117.784937
9.803962 87.722069
124.129982 61.374040
54.426275 49.477367
270.947130 126.474891
97.281567 13.171231
144.756581 261.165494
50.113435 182.595238
66.998795 173.543106
161.989164 60.533382
243.904831 126.580735
122.064132 153.841034
133.940147 270.728845
119.739670 75.405769
295.510784 174.695775
267.341610 128.844558
34.704494 91.498395
225.875423 102.947833
166.487822 70.968415
270.986718 202.731370
48.109452 88.151815
15.047119 346.416411
274.818711 91.093318
90.335714 317.731909
145.884022 318.213695
186.484374 166.693553
187.326679 232.747517
160.726633 154.601200
284.889504 160.871981
21.754543 266.700879
292.869294 179.922152
258.522027 92.991765
139.366300 267.646399
114.027141 63.177840
239.968723 296.723279
195.552332 172.715147
234.412232 194.118539
171.670271 189.289602
206.004117 13.056757
295.645096 8.322251
190.342011 207.879378
110.315755 89.704804
187.408454 86.207398
203.778906 130.747995
155.611673 309.620834
297.737049 77.682980
101.003841 200.148012
32.263223 172.651122
212.056614 41.437356
246.557345 337.523373
261.710447 312.056048
279.421602 45.338507
46.532433 315.702376
8.428797 73.247963
110.148816 316.342297
227.127148 146.970502
157.054587 252.511553
181.439588 297.682819
218.696247 32.464269
280.256267 311.592241
197.826331 311.666851
72.662318 274.849417
80.707038 167.046773
175.810485 171.300679
257.587225 313.242076
265.342077 121.678457
299.854563 298.243222
191.855974 143.909218
156.197141 239.566229
291.089266 276.832998
156.168819 34.234067
275.968177 230.008400
1.010248 209.114268
200.151621 56.345746
216.816789 279.728703
171.689790 222.009233
265.009253 245.599013
199.384720 68.829114
52.220628 200.770267
296.469177 67.035542
14.018973 136.349353
148.780683 66.427839
259.453276 153.074637
193.220770 305.058556
273.558156 223.910273
51.385708 279.533875
65.004290 264.942691
164.408460 248.486200
92.194482 14.768450
54.293943 254.687684
30.774816 37.730400
244.141429 215.827032
4.226678 277.404971
296.009080 145.370341
205.137435 169.012770
297.958521 220.339231
206.963027 265.520715
91.421952 266.871837
55.684477 220.507139
225.839408 96.747143
239.339465 208.128129
93.833363 300.214339
87.761278 237.774625
281.250373 204.180353
222.167960 206.384137
169.870862 256.173479
135.139496 337.767904
184.431253 158.745419
286.510550 96.625125
281.550235 133.924962
22.997406 136.968759
71.942809 166.586174
140.424447 15.951980
4.220947 165.025352
155.220171 332.988411
31.043747 60.974044
292.085032 201.990546
175.800755 330.499667
178.197291 72.190952
182.860339 156.005777
119.217458 335.783375
95.299935 7.007226
146.097113 296.543584
6.870347 314.918788
120.061182 79.667908
195.878149 261.386635
235.862087 273.110602
231.335315 61.402946
170.832948 220.908335
5.477710 307.843802
197.808423 310.536012
281.789042 266.508605
222.963816 61.663552
25.132890 9.889755
271.808280 212.064575
102.274356 262.621667
27.733592 254.893356
293.687952 132.306782
111.502282 255.334665
51.179967 95.320315
84.451253 84.241420
81.896184 34.028964
21.256294 296.954912
232.466523 192.325419
139.986416 176.983648
226.427947 86.917231
229.634716 315.792971
113.538482 281.469004
42.467415 58.158136
226.103526 25.629818
223.165282 162.043002
91.484090 85.281003
58.134301 307.066461
99.443273 50.267469
253.163086 13.980401
101.652271 314.674982
207.795622 141.198247
101.939120 339.263126
124.596744 113.727868
63.669506 342.286624
181.107512 86.277426
12.605730 75.249011
137.247935 30.385076
27.406715 145.439336
299.078504 131.161896
118.271968 346.460735
13.347135 262.842610
210.636576 197.078990
219.929321 60.780659
206.178542 283.222777
107.330390 2.170486
68.022382 294.209940
288.389704 193.383693
85.480593 317.723410
23.438127 28.697386
14.537036 144.633074
84.067195 253.563348
33.592572 338.753910
288.831268 101.646307
16.701591 237.573979
90.739762 190.374511
235.203265 304.817847
105.907597 103.808215
261.146385 101.842750
146.652539 337.420469
279.281844 104.942355
99.560158 242.180575
153.364902 4.558605
271.266376 86.314949
253.155836 221.833578
134.520237 95.230349
288.406851 179.610386
267.222283 239.068900
26.571010 208.792040
58.134789 316.629111
158.968795 336.630393
297.446249 325.629433
217.608113 46.139304
182.813599 289.511718
105.809039 271.276507
209.363211 78.736016
271.040861 214.385403
236.119992 80.152361
274.916149 251.661886
241.123288 185.622967
184.468370 186.550411
45.219433 120.177064
270.780734 13.762507
262.676350 1.656778
167.546137 172.585724
169.936284 138.970968
115.763748 164.873458
67.035416 191.604659
256.724319 193.239454
107.579555 337.846064
110.395346 250.334097
13.004105 186.667948
238.462249 157.513386
237.842952 264.236239
187.257711 280.398258
217.308758 126.338098
226.635440 305.488944
173.730757 341.638944
150.632172 320.736841
234.927837 154.189086
47.974051 233.178526
69.851818 116.085038
121.064026 143.608505
24.120966 117.929389
290.771372 343.522375
283.337999 188.712631
294.162824 343.686563
248.632708 81.586933
241.362994 335.811637
202.444099 207.637216
221.728875 346.742841
177.371727 334.387046
79.790354 42.553202
121.432222 13.238879
219.287472 75.301518
293.667307 77.492528
57.357397 123.407320
5.851114 279.625513
185.133560 279.694495
278.900884 335.014909
124.776178 132.097996
103.727616 58.376965
78.551759 255.987951
162.416394 37.715466
29.009408 71.307064
49.569649 19.931758
36.910370 294.692352
38.022469 50.918397
30.425244 183.247502
163.506778 68.147500
132.891481 8.301882
196.914210 276.641986
104.454954 320.149354
171.589950 14.334140
97.618869 327.053929
38.904766 201.128776
61.147384 238.093992
82.054327 334.918642
237.949807 259.464468
145.118914 15.844113
250.296113 147.896297
294.058880 55.521958
49.332285 265.666267
88.240108 176.734857
242.351536 119.309945
79.061888 108.669755
96.486264 168.736424
216.925531 311.963918
152.206337 37.221087
106.981294 157.039316
8.390347 19.329899
66.519623 227.852588
144.384361 312.606969
115.998663 221.109304
200.632488 35.260376
60.971309 285.588632
289.830988 104.318564
